1002
0 1 1
1000 1001 1
798 995 0.5877
799 995 0.6636
800 995 0.0113
801 995 0.8021
802 995 0.8043
803 995 0.5189
804 995 0.6009
805 995 0.2481
806 995 0.7843
807 995 0.9050
808 995 0.6080
809 995 0.7040
810 995 0.2266
811 995 0.9430
812 995 0.1267
813 995 0.3968
814 995 0.1920
815 995 0.0594
816 995 0.0329
817 995 0.6288
818 995 0.6723
819 995 0.5318
820 995 0.2872
821 995 0.1364
822 995 0.1650
823 995 0.0692
824 995 0.6924
825 995 0.2422
826 995 0.2233
827 995 0.4611
828 995 0.7139
829 995 0.7157
830 995 0.3951
831 995 0.0721
832 995 0.5413
833 995 0.1663
834 995 0.0533
835 995 0.7237
836 995 0.6367
837 995 0.8081
838 995 0.4505
839 995 0.5951
840 995 0.7851
841 995 0.5748
842 995 0.5891
843 995 0.0787
844 995 0.7944
845 995 0.6014
846 995 0.9079
847 995 0.9872
848 995 0.1064
849 995 0.9104
850 995 0.5931
851 995 0.2207
852 995 0.1868
853 995 0.9966
854 995 0.6164
855 995 0.5076
856 995 0.9161
857 995 0.6756
858 995 0.2363
859 995 0.5764
860 995 0.4476
861 995 0.3141
862 995 0.2149
863 995 0.3094
864 995 0.1044
865 995 0.2473
866 995 0.3411
867 995 0.3534
868 995 0.2255
869 995 0.1330
870 995 0.3432
871 995 0.2753
872 995 0.2866
873 995 0.8019
874 995 0.1214
875 995 0.8082
876 995 0.0905
877 995 0.0891
878 995 0.6130
879 995 0.1117
880 995 0.0073
881 995 0.9351
882 995 0.0859
883 995 0.7794
884 995 0.1688
885 995 0.3402
886 995 0.9582
887 995 0.7218
888 995 0.3220
889 995 0.7795
890 995 0.2478
891 995 0.3146
892 995 0.1806
893 995 0.0398
894 995 0.2381
895 995 0.1587
896 995 0.0282
897 995 0.3821
898 995 0.1365
899 995 0.5895
900 995 0.1443
901 995 0.5124
902 995 0.2003
903 995 0.7180
904 995 0.9255
905 995 0.8719
906 995 0.8895
907 995 0.4211
908 995 0.1985
909 995 0.5158
910 995 0.3663
911 995 0.6502
912 995 0.7931
913 995 0.3914
914 995 0.0740
915 995 0.0435
916 995 0.3693
917 995 0.1148
918 995 0.2901
919 995 0.9290
920 995 0.9233
921 995 0.3527
922 995 0.0358
923 995 0.3210
924 995 0.0196
925 995 0.9913
926 995 0.5934
927 995 0.0281
928 995 0.6407
929 995 0.5053
930 995 0.4470
931 995 0.3978
932 995 0.3470
933 995 0.4608
934 995 0.0293
935 995 0.8337
936 995 0.7460
937 995 0.1094
938 995 0.4778
939 995 0.3009
940 995 0.7599
941 995 0.7737
942 995 0.5478
943 995 0.7134
944 995 0.8351
945 995 0.0132
946 995 0.7536
947 995 0.4828
948 995 0.3447
949 995 0.5581
950 995 0.3820
951 995 0.0013
952 995 0.5495
953 995 0.1579
954 995 0.1839
955 995 0.7199
956 995 0.3976
957 995 0.6743
958 995 0.3003
959 995 0.4080
960 995 0.7508
961 995 0.9718
962 995 0.9047
963 995 0.8375
964 995 0.3482
965 995 0.1096
966 995 0.3780
967 995 0.6456
968 995 0.5953
969 995 0.9325
970 995 0.9410
971 995 0.8312
972 995 0.1434
973 995 0.2782
974 995 0.5218
975 995 0.6543
976 995 0.1713
977 995 0.7697
978 995 0.3340
979 995 0.3494
980 995 0.7994
981 995 0.0985
982 995 0.2705
983 995 0.9253
984 995 0.5791
985 995 0.6389
986 995 0.3128
987 995 0.7713
988 995 0.1766
989 995 0.1873
990 995 0.2570
991 995 0.7682
992 995 0.9659
993 995 0.6782
994 995 0.4795
995 995 0.2377
996 995 0.3029
997 995 0.8800
998 995 0.8250
999 995 0.0781
1000 995 0.2780
1 996 0.8928
2 996 0.9461
3 996 0.4232
4 996 0.5506
5 996 0.5418
6 996 0.8426
7 996 0.9622
8 996 0.3543
9 996 0.3554
10 996 0.4162
11 996 0.5485
12 996 0.3289
13 996 0.4618
14 996 0.3222
15 996 0.3601
16 996 0.5666
17 996 0.8325
18 996 0.2516
19 996 0.3586
20 996 0.4428
21 996 0.2437
22 996 0.4749
23 996 0.0083
24 996 0.6123
25 996 0.1607
26 996 0.4841
27 996 0.4044
28 996 0.0141
29 996 0.7253
30 996 0.2337
31 996 0.5220
32 996 0.8562
33 996 0.2175
34 996 0.8992
35 996 0.3467
36 996 0.5921
37 996 0.5477
38 996 0.4579
39 996 0.0003
40 996 0.8798
41 996 0.4751
42 996 0.5097
43 996 0.2701
44 996 0.1686
45 996 0.0825
46 996 0.9896
47 996 0.5683
48 996 0.9085
49 996 0.2467
50 996 0.3305
51 996 0.2000
52 996 0.1735
53 996 0.7157
54 996 0.5598
55 996 0.0785
56 996 0.0248
57 996 0.9395
58 996 0.6014
59 996 0.5799
60 996 0.8514
61 996 0.4719
62 996 0.4586
63 996 0.8350
64 996 0.0962
65 996 0.4568
66 996 0.0336
67 996 0.7332
68 996 0.5395
69 996 0.4246
70 996 0.3325
71 996 0.5711
72 996 0.6761
73 996 0.1587
74 996 0.5873
75 996 0.4397
76 996 0.4622
77 996 0.1127
78 996 0.3418
79 996 0.8937
80 996 0.3767
81 996 0.8347
82 996 0.7260
83 996 0.5140
84 996 0.7273
85 996 0.5693
86 996 0.3089
87 996 0.8836
88 996 0.4393
89 996 0.2669
90 996 0.7445
91 996 0.1361
92 996 0.2266
93 996 0.6057
94 996 0.3880
95 996 0.7659
96 996 0.4236
97 996 0.0128
98 996 0.5393
99 996 0.6068
100 996 0.8548
101 996 0.1797
102 996 0.2217
103 996 0.5169
104 996 0.2243
105 996 0.5523
106 996 0.2441
107 996 0.8303
108 996 0.5367
109 996 0.8415
110 996 0.4556
111 996 0.7215
112 996 0.9858
113 996 0.4367
114 996 0.9380
115 996 0.6144
116 996 0.7214
117 996 0.4801
118 996 0.8877
119 996 0.1180
120 996 0.6794
121 996 0.7512
122 996 0.2223
123 996 0.9945
124 996 0.1757
125 996 0.2461
126 996 0.7374
127 996 0.9003
128 996 0.6342
129 996 0.9710
130 996 0.4832
131 996 0.0798
132 996 0.1768
133 996 0.8805
134 996 0.7287
135 996 0.2088
136 996 0.0511
137 996 0.1541
138 996 0.4171
139 996 0.2249
140 996 0.3590
141 996 0.4127
142 996 0.4270
143 996 0.5886
144 996 0.3526
145 996 0.1324
146 996 0.6429
147 996 0.0909
148 996 0.7318
149 996 0.6039
150 996 0.9303
151 996 0.9684
152 996 0.2380
153 996 0.9493
154 996 0.4200
155 996 0.2350
156 996 0.2297
157 996 0.6771
158 996 0.2386
159 996 0.4916
160 996 0.1651
161 996 0.7431
162 996 0.2492
163 996 0.2476
164 996 0.6336
165 996 0.9807
166 996 0.8174
167 996 0.5194
168 996 0.6194
169 996 0.3924
170 996 0.6655
171 996 0.5092
172 996 0.4818
173 996 0.9511
174 996 0.5791
175 996 0.2856
176 996 0.1429
177 996 0.4866
178 996 0.7075
179 996 0.3865
180 996 0.6638
181 996 0.7161
182 996 0.7894
183 996 0.2444
184 996 0.5097
185 996 0.0139
186 996 0.4283
187 996 0.6057
188 996 0.7093
189 996 0.9527
190 996 0.3629
191 996 0.8516
192 996 0.2198
193 996 0.7545
194 996 0.5338
195 996 0.4054
196 996 0.7888
197 996 0.0207
198 996 0.7479
199 996 0.2195
200 996 0.9674
201 996 0.4131
202 996 0.1443
203 996 0.0356
204 996 0.1748
205 996 0.8796
206 996 0.3845
207 996 0.2380
208 996 0.9090
209 996 0.4949
210 996 0.8480
211 996 0.8556
212 996 0.4300
213 996 0.5789
214 996 0.5211
215 996 0.6452
216 996 0.8295
217 996 0.9843
218 996 0.5997
219 996 0.4209
220 996 0.8949
221 996 0.2159
222 996 0.9176
223 996 0.8445
224 996 0.2561
225 996 0.2523
226 996 0.3416
227 996 0.6465
228 996 0.4714
229 996 0.1236
230 996 0.9057
231 996 0.5770
232 996 0.1424
233 996 0.0958
234 996 0.9847
235 996 0.7255
236 996 0.8770
237 996 0.9573
238 996 0.5246
239 996 0.0203
240 996 0.4758
241 996 0.7296
242 996 0.2919
243 996 0.7570
244 996 0.5233
245 996 0.6416
246 996 0.4792
247 996 0.2968
248 996 0.0001
249 996 0.6584
250 996 0.3978
251 996 0.4733
252 996 0.8761
253 996 0.0508
254 996 0.9208
255 996 0.0665
256 996 0.7442
257 996 0.0524
258 996 0.4527
259 996 0.8303
260 996 0.3518
261 996 0.4026
262 996 0.9759
263 996 0.4974
264 996 0.0533
265 996 0.6850
266 996 0.5486
267 996 0.7594
268 996 0.0291
269 996 0.0236
270 996 0.0335
271 996 0.4125
272 996 0.0024
273 996 0.2482
274 996 0.3977
275 996 0.5759
276 996 0.7678
277 996 0.6325
278 996 0.8957
279 996 0.9145
280 996 0.6513
281 996 0.2104
282 996 0.3976
283 996 0.1643
284 996 0.6418
285 996 0.3951
286 996 0.5876
287 996 0.5711
288 996 0.5048
289 996 0.0875
290 996 0.6154
291 996 0.0914
292 996 0.2211
293 996 0.5657
294 996 0.0871
295 996 0.3263
296 996 0.8298
297 996 0.1719
298 996 0.8844
299 996 0.6156
300 996 0.5928
301 996 0.5311
302 996 0.1451
303 996 0.6448
304 996 0.2572
305 996 0.5020
306 996 0.0786
307 996 0.3404
308 996 0.1161
309 996 0.6279
310 996 0.1812
311 996 0.4086
312 996 0.9426
313 996 0.8349
314 996 0.6667
315 996 0.5677
316 996 0.4787
317 996 0.4824
318 996 0.5733
319 996 0.6018
320 996 0.9887
321 996 0.8254
322 996 0.0319
323 996 0.4901
324 996 0.9932
325 996 0.0029
326 996 0.6508
327 996 0.9621
328 996 0.8974
329 996 0.0419
330 996 0.0001
331 996 0.4779
332 996 0.0114
333 996 0.6029
334 996 0.2492
335 996 0.8667
336 996 0.6196
337 996 0.5307
338 996 0.6833
339 996 0.2643
340 996 0.8490
341 996 0.8275
342 996 0.9421
343 996 0.7266
344 996 0.3524
345 996 0.2484
346 996 0.8980
347 996 0.4555
348 996 0.5657
349 996 0.9929
350 996 0.5037
351 996 0.9708
352 996 0.8534
353 996 0.1205
354 996 0.0549
355 996 0.2353
356 996 0.0722
357 996 0.1638
358 996 0.5800
359 996 0.1005
360 996 0.1188
361 996 0.9568
362 996 0.3902
363 996 0.3861
364 996 0.3745
365 996 0.8288
366 996 0.7655
367 996 0.9785
368 996 0.0659
369 996 0.6601
370 996 0.9621
371 996 0.8577
372 996 0.6796
373 996 0.1971
374 996 0.0855
375 996 0.0053
376 996 0.5472
377 996 0.5336
378 996 0.0605
379 996 0.8267
380 996 0.6536
381 996 0.1937
382 996 0.4005
383 996 0.9016
384 996 0.2194
385 996 0.2917
386 996 0.5910
387 996 0.7966
388 996 0.4090
389 996 0.0257
390 996 0.8838
391 996 0.7224
392 996 0.9486
393 996 0.9775
394 996 0.5334
395 996 0.3703
396 996 0.3718
397 996 0.3969
398 996 0.6701
399 996 0.2249
400 996 0.7651
401 996 0.2917
402 996 0.3038
403 996 0.4172
404 996 0.0069
405 996 0.9730
406 996 0.6451
407 996 0.5260
408 996 0.5607
409 996 0.3323
410 996 0.7251
411 996 0.0234
412 996 0.6814
413 996 0.9401
414 996 0.3533
415 996 0.3154
416 996 0.0464
417 996 0.5616
418 996 0.7008
419 996 0.2844
420 996 0.1087
421 996 0.2472
422 996 0.8712
423 996 0.1094
424 996 0.1451
425 996 0.7387
426 996 0.0851
427 996 0.3297
428 996 0.7858
429 996 0.1680
430 996 0.6536
431 996 0.1176
432 996 0.7408
433 996 0.8049
434 996 0.1307
435 996 0.4113
436 996 0.3882
437 996 0.7355
438 996 0.7417
439 996 0.4232
440 996 0.5466
441 996 0.6167
442 996 0.8761
443 996 0.3507
444 996 0.8792
445 996 0.9847
446 996 0.2822
447 996 0.1319
448 996 0.2848
449 996 0.0835
450 996 0.6531
451 996 0.9173
452 996 0.9228
453 996 0.8584
454 996 0.8691
455 996 0.9950
456 996 0.2589
457 996 0.2892
458 996 0.5860
459 996 0.0890
460 996 0.0102
461 996 0.0233
462 996 0.5222
463 996 0.0385
464 996 0.0710
465 996 0.6433
466 996 0.7715
467 996 0.8866
468 996 0.9855
469 996 0.9553
470 996 0.4722
471 996 0.3073
472 996 0.4542
473 996 0.6236
474 996 0.5481
475 996 0.1415
476 996 0.0220
477 996 0.5155
478 996 0.2912
479 996 0.4171
480 996 0.9842
481 996 0.6982
482 996 0.3623
483 996 0.7924
484 996 0.5853
485 996 0.1017
486 996 0.0615
487 996 0.3313
488 996 0.8761
489 996 0.4320
490 996 0.3240
491 996 0.0113
492 996 0.5764
493 996 0.4899
494 996 0.3490
495 996 0.4118
496 996 0.0241
497 996 0.4746
498 996 0.6234
499 996 0.4704
500 996 0.5286
501 996 0.7785
502 996 0.3320
503 996 0.7113
504 996 0.2075
505 996 0.7402
506 996 0.1276
507 996 0.4444
508 996 0.4894
509 996 0.2517
510 996 0.6709
511 996 0.8185
512 996 0.3199
513 996 0.2878
514 996 0.2325
515 996 0.9080
516 996 0.6610
517 996 0.4169
518 996 0.0037
519 996 0.5119
520 996 0.9257
521 996 0.4888
522 996 0.8933
523 996 0.7898
524 996 0.0686
525 996 0.9525
526 996 0.9806
527 996 0.8611
528 996 0.1429
529 996 0.6178
530 996 0.6428
531 996 0.2121
532 996 0.0610
533 996 0.9263
534 996 0.8832
535 996 0.2827
536 996 0.2521
537 996 0.4196
538 996 0.2800
539 996 0.9319
540 996 0.3402
541 996 0.2603
542 996 0.7206
543 996 0.4858
544 996 0.9679
545 996 0.0918
546 996 0.9033
547 996 0.0202
548 996 0.5485
549 996 0.9481
550 996 0.9058
551 996 0.4998
552 996 0.3057
553 996 0.1767
554 996 0.2312
555 996 0.4399
556 996 0.4992
557 996 0.2260
558 996 0.4453
559 996 0.4651
560 996 0.8119
561 996 0.7270
562 996 0.1756
563 996 0.7876
564 996 0.0833
565 996 0.7592
566 996 0.1856
567 996 0.2298
568 996 0.9880
569 996 0.9101
570 996 0.5772
571 996 0.0447
572 996 0.3012
573 996 0.6927
574 996 0.0791
575 996 0.9397
576 996 0.4729
577 996 0.0684
578 996 0.7789
579 996 0.2576
580 996 0.5611
581 996 0.9264
582 996 0.8318
583 996 0.5288
584 996 0.0708
585 996 0.6330
586 996 0.3606
587 996 0.7532
588 996 0.4928
589 996 0.9530
590 996 0.4375
591 996 0.9017
592 996 0.8733
593 996 0.2677
594 996 0.0299
595 996 0.1051
596 996 0.8735
597 996 0.5143
598 996 0.8315
599 996 0.4347
600 996 0.2646
601 996 0.6697
602 996 0.5150
603 996 0.1220
604 996 0.0891
605 996 0.9788
606 996 0.8826
607 996 0.9845
608 996 0.8826
609 996 0.2224
610 996 0.3434
611 996 0.8912
612 996 0.9309
613 996 0.6993
614 996 0.2901
615 996 0.8313
616 996 0.5579
617 996 0.1372
618 996 0.7036
619 996 0.1434
620 996 0.8579
621 996 0.8158
622 996 0.1342
623 996 0.4805
624 996 0.6344
625 996 0.2057
626 996 0.1483
627 996 0.4337
628 996 0.1561
629 996 0.5180
630 996 0.0574
631 996 0.4359
632 996 0.2962
633 996 0.1961
634 996 0.4596
635 996 0.3439
636 996 0.4934
637 996 0.0206
638 996 0.6366
639 996 0.6574
640 996 0.5388
641 996 0.2573
642 996 0.0891
643 996 0.7176
644 996 0.1616
645 996 0.1862
646 996 0.4355
647 996 0.2460
648 996 0.4970
649 996 0.8326
650 996 0.7173
651 996 0.1910
652 996 0.3444
653 996 0.7960
654 996 0.4446
655 996 0.7868
656 996 0.2758
657 996 0.5384
658 996 0.6743
659 996 0.1782
660 996 0.4526
661 996 0.6470
662 996 0.4682
663 996 0.7121
664 996 0.1248
665 996 0.4230
666 996 0.2295
667 996 0.1943
668 996 0.7015
669 996 0.9541
670 996 0.0343
671 996 0.4391
672 996 0.4413
673 996 0.0375
674 996 0.9734
675 996 0.8990
676 996 0.7684
677 996 0.8772
678 996 0.5516
679 996 0.2154
680 996 0.2108
681 996 0.6349
682 996 0.8465
683 996 0.2585
684 996 0.4847
685 996 0.5136
686 996 0.7358
687 996 0.4904
688 996 0.1214
689 996 0.9121
690 996 0.0214
691 996 0.5315
692 996 0.4898
693 996 0.4963
694 996 0.6818
695 996 0.9783
696 996 0.7688
697 996 0.1853
698 996 0.6500
699 996 0.2050
700 996 0.9505
701 996 0.5323
702 996 0.3918
703 996 0.3555
704 996 0.8599
705 996 0.6712
706 996 0.8163
707 996 0.9480
708 996 0.8428
709 996 0.0884
710 996 0.9399
711 996 0.7180
712 996 0.5213
713 996 0.9874
714 996 0.6447
715 996 0.4492
716 996 0.5414
717 996 0.7631
718 996 0.1126
719 996 0.7785
720 996 0.1318
721 996 0.3370
722 996 0.2674
723 996 0.1881
724 996 0.0785
725 996 0.9942
726 996 0.7979
727 996 0.6732
728 996 0.3735
729 996 0.1548
730 996 0.4909
731 996 0.0888
732 996 0.6865
733 996 0.4554
734 996 0.9967
735 996 0.3593
736 996 0.3776
737 996 0.7072
738 996 0.3360
739 996 0.5509
740 996 0.9552
741 996 0.0128
742 996 0.1660
743 996 0.5819
744 996 0.9192
745 996 0.8728
746 996 0.9412
747 996 0.6409
748 996 0.8564
749 996 0.9175
750 996 0.1057
751 996 0.9217
752 996 0.0851
753 996 0.2954
754 996 0.0146
755 996 0.5105
756 996 0.3016
757 996 0.3123
758 996 0.3218
759 996 0.0393
760 996 0.0906
761 996 0.6944
762 996 0.5593
763 996 0.0556
764 996 0.4459
765 996 0.2379
766 996 0.6570
767 996 0.4544
768 996 0.0930
769 996 0.4338
770 996 0.8618
771 996 0.1769
772 996 0.5694
773 996 0.0950
774 996 0.8837
775 996 0.0556
776 996 0.1437
777 996 0.3102
778 996 0.1716
779 996 0.6017
780 996 0.1392
781 996 0.0191
782 996 0.5989
783 996 0.7871
784 996 0.5750
785 996 0.4708
786 996 0.2885
787 996 0.3871
788 996 0.6056
789 996 0.7856
790 996 0.8384
791 996 0.5422
792 996 0.6338
793 996 0.7200
794 996 0.5138
795 996 0.9453
796 996 0.9841
797 996 0.6033
798 996 0.7963
799 996 0.1884
800 996 0.4054
801 996 0.9252
802 996 0.2273
803 996 0.5485
804 996 0.3731
805 996 0.3141
806 996 0.2206
807 996 0.4646
808 996 0.9472
809 996 0.9611
810 996 0.2631
811 996 0.4133
812 996 0.4511
813 996 0.8670
814 996 0.6498
815 996 0.4092
816 996 0.2418
817 996 0.6248
818 996 0.7498
819 996 0.7617
820 996 0.5650
821 996 0.3867
822 996 0.1495
823 996 0.7453
824 996 0.3774
825 996 0.2240
826 996 0.6079
827 996 0.8429
828 996 0.9042
829 996 0.1708
830 996 0.0912
831 996 0.8030
832 996 0.0249
833 996 0.6071
834 996 0.1013
835 996 0.6347
836 996 0.5759
837 996 0.0871
838 996 0.8945
839 996 0.5645
840 996 0.8586
841 996 0.9732
842 996 0.1650
843 996 0.6269
844 996 0.4203
845 996 0.2396
846 996 0.2069
847 996 0.1922
848 996 0.0761
849 996 0.7078
850 996 0.1588
851 996 0.1733
852 996 0.8169
853 996 0.9091
854 996 0.8265
855 996 0.1354
856 996 0.0648
857 996 0.6100
858 996 0.1453
859 996 0.7902
860 996 0.0201
861 996 0.5503
862 996 0.5868
863 996 0.5956
864 996 0.4317
865 996 0.3763
866 996 0.9107
867 996 0.9067
868 996 0.1723
869 996 0.3509
870 996 0.7547
871 996 0.0670
872 996 0.8863
873 996 0.9832
874 996 0.1173
875 996 0.7718
876 996 0.5620
877 996 0.1657
878 996 0.5734
879 996 0.0138
880 996 0.8411
881 996 0.6961
882 996 0.5194
883 996 0.0969
884 996 0.6469
885 996 0.7122
886 996 0.2373
887 996 0.8860
888 996 0.2883
889 996 0.4771
890 996 0.6270
891 996 0.0985
892 996 0.0676
893 996 0.1920
894 996 0.2190
895 996 0.7452
896 996 0.6615
897 996 0.6849
898 996 0.1441
899 996 0.2189
900 996 0.0120
901 996 0.0625
902 996 0.4830
903 996 0.9995
904 996 0.4579
905 996 0.9433
906 996 0.6163
907 996 0.3830
908 996 0.9952
909 996 0.6616
910 996 0.3525
911 996 0.6033
912 996 0.8949
913 996 0.5619
914 996 0.5014
915 996 0.6307
916 996 0.7214
917 996 0.6618
918 996 0.6877
919 996 0.0445
920 996 0.2507
921 996 0.9387
922 996 0.8671
923 996 0.7076
924 996 0.4165
925 996 0.3882
926 996 0.9930
927 996 0.4332
928 996 0.7351
929 996 0.2633
930 996 0.6202
931 996 0.4323
932 996 0.8083
933 996 0.1485
934 996 0.1727
935 996 0.6689
936 996 0.9700
937 996 0.8278
938 996 0.9420
939 996 0.8140
940 996 0.8908
941 996 0.5418
942 996 0.2218
943 996 0.2610
944 996 0.4190
945 996 0.5531
946 996 0.1897
947 996 0.0423
948 996 0.9445
949 996 0.2028
950 996 0.0746
951 996 0.7041
952 996 0.1768
953 996 0.9632
954 996 0.3144
955 996 0.5270
956 996 0.1327
957 996 0.5385
958 996 0.4308
959 996 0.4086
960 996 0.8279
961 996 0.9257
962 996 0.6266
963 996 0.5517
964 996 0.2387
965 996 0.1710
966 996 0.5609
967 996 0.6093
968 996 0.2117
969 996 0.8953
970 996 0.5777
971 996 0.2845
972 996 0.8236
973 996 0.3992
974 996 0.8564
975 996 0.8675
976 996 0.2578
977 996 0.6002
978 996 0.5141
979 996 0.9150
980 996 0.3353
981 996 0.4273
982 996 0.1987
983 996 0.5205
984 996 0.8694
985 996 0.8990
986 996 0.4560
987 996 0.3420
988 996 0.1363
989 996 0.7986
990 996 0.1066
991 996 0.3637
992 996 0.4075
993 996 0.3954
994 996 0.8251
995 996 0.6729
996 996 0.3748
997 996 0.6753
998 996 0.5889
999 996 0.3480
1000 996 0.5970
1 997 0.3599
2 997 0.8833
3 997 0.3281
4 997 0.8409
5 997 0.0336
6 997 0.8966
7 997 0.4429
8 997 0.3145
9 997 0.0017
10 997 0.0231
11 997 0.9895
12 997 0.4497
13 997 0.2213
14 997 0.6348
15 997 0.8080
16 997 0.6400
17 997 0.5560
18 997 0.3231
19 997 0.2992
20 997 0.0537
21 997 0.3653
22 997 0.9138
23 997 0.6739
24 997 0.6934
25 997 0.9261
26 997 0.3399
27 997 0.7749
28 997 0.2773
29 997 0.7591
30 997 0.6463
31 997 0.7452
32 997 0.6087
33 997 0.8754
34 997 0.4737
35 997 0.4187
36 997 0.8217
37 997 0.8890
38 997 0.3198
39 997 0.3871
40 997 0.1785
41 997 0.7046
42 997 0.4096
43 997 0.4191
44 997 0.0544
45 997 0.8941
46 997 0.6128
47 997 0.9918
48 997 0.3602
49 997 0.6344
50 997 0.7471
51 997 0.1492
52 997 0.7103
53 997 0.0210
54 997 0.4020
55 997 0.7726
56 997 0.2799
57 997 0.3903
58 997 0.3710
59 997 0.4935
60 997 0.5956
61 997 0.2506
62 997 0.3346
63 997 0.7042
64 997 0.7785
65 997 0.8440
66 997 0.7521
67 997 0.8637
68 997 0.3405
69 997 0.9551
70 997 0.5699
71 997 0.7149
72 997 0.9590
73 997 0.7328
74 997 0.9983
75 997 0.0104
76 997 0.4423
77 997 0.4347
78 997 0.6309
79 997 0.0148
80 997 0.3755
81 997 0.9288
82 997 0.5657
83 997 0.8128
84 997 0.5707
85 997 0.7482
86 997 0.5096
87 997 0.8510
88 997 0.0121
89 997 0.0892
90 997 0.5107
91 997 0.6611
92 997 0.0394
93 997 0.3099
94 997 0.8776
95 997 0.9868
96 997 0.2619
97 997 0.5789
98 997 0.5549
99 997 0.2168
100 997 0.6290
101 997 0.1773
102 997 0.7861
103 997 0.8896
104 997 0.0167
105 997 0.3548
106 997 0.6614
107 997 0.4202
108 997 0.2872
109 997 0.0770
110 997 0.0320
111 997 0.9071
112 997 0.6432
113 997 0.2322
114 997 0.6750
115 997 0.7887
116 997 0.1831
117 997 0.0930
118 997 0.9986
119 997 0.3003
120 997 0.1125
121 997 0.2731
122 997 0.2648
123 997 0.5280
124 997 0.9513
125 997 0.8346
126 997 0.2470
127 997 0.0157
128 997 0.6386
129 997 0.3583
130 997 0.7427
131 997 0.6393
132 997 0.2302
133 997 0.1747
134 997 0.4040
135 997 0.7300
136 997 0.0094
137 997 0.9516
138 997 0.4633
139 997 0.7706
140 997 0.8896
141 997 0.9689
142 997 0.9062
143 997 0.8488
144 997 0.9803
145 997 0.5198
146 997 0.5746
147 997 0.4290
148 997 0.3049
149 997 0.6332
150 997 0.0914
151 997 0.4955
152 997 0.4097
153 997 0.2172
154 997 0.4266
155 997 0.6902
156 997 0.7763
157 997 0.3709
158 997 0.3335
159 997 0.2069
160 997 0.7708
161 997 0.0700
162 997 0.1164
163 997 0.8796
164 997 0.3874
165 997 0.2777
166 997 0.8484
167 997 0.5009
168 997 0.6132
169 997 0.8267
170 997 0.8792
171 997 0.9653
172 997 0.8669
173 997 0.3557
174 997 0.5420
175 997 0.4067
176 997 0.9593
177 997 0.4548
178 997 0.1807
179 997 0.9714
180 997 0.6723
181 997 0.5807
182 997 0.6947
183 997 0.9860
184 997 0.3648
185 997 0.2043
186 997 0.8578
187 997 0.1410
188 997 0.3776
189 997 0.1794
190 997 0.0597
191 997 0.5461
192 997 0.3943
193 997 0.0881
194 997 0.5871
195 997 0.6114
196 997 0.4921
197 997 0.1362
198 997 0.7194
199 997 0.9861
200 997 0.0037
201 997 0.2154
202 997 0.9817
203 997 0.7173
204 997 0.2530
205 997 0.8837
206 997 0.2134
207 997 0.2163
208 997 0.7510
209 997 0.3423
210 997 0.1286
211 997 0.1089
212 997 0.5711
213 997 0.4725
214 997 0.5615
215 997 0.8263
216 997 0.6734
217 997 0.9201
218 997 0.9174
219 997 0.7436
220 997 0.7423
221 997 0.6316
222 997 0.4285
223 997 0.8685
224 997 0.9575
225 997 0.5456
226 997 0.5090
227 997 0.4602
228 997 0.0847
229 997 0.2237
230 997 0.6093
231 997 0.6898
232 997 0.6046
233 997 0.1059
234 997 0.3513
235 997 0.1569
236 997 0.8945
237 997 0.1575
238 997 0.8943
239 997 0.2744
240 997 0.0345
241 997 0.6434
242 997 0.6041
243 997 0.2592
244 997 0.6378
245 997 0.1548
246 997 0.3764
247 997 0.7982
248 997 0.5020
249 997 0.1176
250 997 0.3921
251 997 0.4288
252 997 0.0664
253 997 0.2067
254 997 0.2620
255 997 0.7398
256 997 0.0919
257 997 0.8263
258 997 0.6298
259 997 0.1943
260 997 0.8828
261 997 0.4024
262 997 0.9849
263 997 0.6706
264 997 0.3192
265 997 0.8230
266 997 0.6760
267 997 0.1657
268 997 0.6303
269 997 0.7539
270 997 0.4077
271 997 0.4901
272 997 0.0559
273 997 0.1252
274 997 0.5808
275 997 0.1703
276 997 0.1137
277 997 0.2251
278 997 0.2552
279 997 0.6807
280 997 0.0591
281 997 0.5494
282 997 0.2571
283 997 0.0644
284 997 0.3672
285 997 0.6277
286 997 0.4589
287 997 0.3480
288 997 0.1574
289 997 0.0682
290 997 0.6187
291 997 0.8707
292 997 0.9641
293 997 0.9965
294 997 0.0515
295 997 0.3077
296 997 0.7760
297 997 0.9268
298 997 0.9923
299 997 0.0619
300 997 0.9480
301 997 0.0064
302 997 0.4657
303 997 0.5486
304 997 0.5929
305 997 0.1131
306 997 0.8247
307 997 0.0174
308 997 0.7553
309 997 0.7616
310 997 0.3709
311 997 0.8565
312 997 0.1712
313 997 0.8202
314 997 0.7211
315 997 0.4547
316 997 0.4492
317 997 0.2866
318 997 0.9467
319 997 0.4209
320 997 0.0088
321 997 0.0598
322 997 0.4359
323 997 0.4719
324 997 0.2291
325 997 0.4552
326 997 0.2682
327 997 0.7197
328 997 0.1689
329 997 0.5941
330 997 0.7928
331 997 0.2944
332 997 0.0000
333 997 0.9157
334 997 0.3228
335 997 0.0367
336 997 0.6294
337 997 0.7007
338 997 0.8049
339 997 0.1845
340 997 0.5595
341 997 0.2133
342 997 0.5313
343 997 0.5839
344 997 0.0517
345 997 0.6758
346 997 0.5903
347 997 0.2477
348 997 0.4879
349 997 0.5309
350 997 0.4656
351 997 0.2817
352 997 0.9427
353 997 0.7176
354 997 0.9217
355 997 0.2696
356 997 0.5562
357 997 0.1550
358 997 0.6752
359 997 0.9601
360 997 0.4128
361 997 0.0818
362 997 0.4069
363 997 0.6463
364 997 0.2828
365 997 0.6968
366 997 0.4716
367 997 0.0036
368 997 0.2586
369 997 0.3351
370 997 0.9739
371 997 0.0660
372 997 0.3074
373 997 0.2920
374 997 0.8507
375 997 0.2239
376 997 0.7379
377 997 0.2789
378 997 0.7125
379 997 0.6179
380 997 0.1880
381 997 0.3752
382 997 0.5127
383 997 0.4312
384 997 0.5007
385 997 0.0243
386 997 0.3133
387 997 0.6285
388 997 0.8654
389 997 0.0588
390 997 0.1189
391 997 0.5143
392 997 0.9553
393 997 0.7375
394 997 0.8591
395 997 0.4101
396 997 0.2666
397 997 0.0620
398 997 0.1603
399 997 0.7105
400 997 0.2041
401 997 0.6811
402 997 0.7656
403 997 0.4664
404 997 0.9315
405 997 0.4195
406 997 0.6876
407 997 0.8675
408 997 0.8201
409 997 0.8884
410 997 0.3145
411 997 0.3522
412 997 0.6151
413 997 0.6825
414 997 0.0470
415 997 0.0884
416 997 0.7117
417 997 0.8813
418 997 0.5137
419 997 0.1738
420 997 0.7041
421 997 0.7648
422 997 0.5556
423 997 0.9026
424 997 0.4747
425 997 0.8752
426 997 0.4397
427 997 0.9963
428 997 0.7637
429 997 0.9540
430 997 0.3646
431 997 0.5708
432 997 0.0646
433 997 0.3583
434 997 0.4257
435 997 0.2118
436 997 0.0975
437 997 0.6192
438 997 0.2624
439 997 0.8656
440 997 0.7981
441 997 0.3776
442 997 0.7013
443 997 0.3566
444 997 0.6137
445 997 0.2098
446 997 0.3072
447 997 0.9109
448 997 0.2367
449 997 0.6721
450 997 0.8386
451 997 0.1398
452 997 0.7590
453 997 0.4965
454 997 0.3476
455 997 0.0522
456 997 0.7218
457 997 0.3120
458 997 0.3923
459 997 0.1221
460 997 0.9035
461 997 0.2400
462 997 0.4987
463 997 0.1779
464 997 0.7228
465 997 0.6799
466 997 0.2632
467 997 0.9782
468 997 0.3137
469 997 0.4814
470 997 0.3472
471 997 0.6334
472 997 0.7823
473 997 0.7211
474 997 0.3711
475 997 0.3316
476 997 0.4968
477 997 0.0914
478 997 0.7302
479 997 0.8849
480 997 0.1896
481 997 0.1029
482 997 0.9742
483 997 0.4814
484 997 0.8099
485 997 0.5101
486 997 0.9540
487 997 0.2663
488 997 0.8860
489 997 0.6854
490 997 0.7221
491 997 0.6709
492 997 0.0673
493 997 0.6634
494 997 0.4447
495 997 0.8015
496 997 0.2934
497 997 0.1349
498 997 0.3461
499 997 0.6174
500 997 0.3682
501 997 0.7851
502 997 0.7506
503 997 0.4411
504 997 0.4584
505 997 0.2467
506 997 0.6833
507 997 0.3487
508 997 0.1250
509 997 0.0600
510 997 0.0784
511 997 0.1425
512 997 0.5294
513 997 0.2092
514 997 0.3020
515 997 0.8566
516 997 0.0152
517 997 0.1251
518 997 0.2004
519 997 0.1519
520 997 0.2050
521 997 0.1931
522 997 0.7120
523 997 0.7136
524 997 0.7213
525 997 0.4927
526 997 0.7123
527 997 0.1126
528 997 0.6032
529 997 0.0912
530 997 0.1793
531 997 0.4433
532 997 0.9859
533 997 0.8951
534 997 0.7463
535 997 0.8189
536 997 0.0898
537 997 0.3706
538 997 0.7102
539 997 0.3769
540 997 0.6402
541 997 0.7064
542 997 0.1737
543 997 0.8400
544 997 0.1532
545 997 0.6618
546 997 0.9299
547 997 0.1064
548 997 0.4193
549 997 0.8149
550 997 0.6958
551 997 0.2633
552 997 0.8126
553 997 0.8637
554 997 0.3674
555 997 0.2546
556 997 0.6807
557 997 0.2084
558 997 0.2796
559 997 0.4628
560 997 0.1812
561 997 0.5388
562 997 0.4108
563 997 0.4865
564 997 0.1055
565 997 0.1950
566 997 0.7559
567 997 0.9555
568 997 0.1394
569 997 0.1630
570 997 0.4078
571 997 0.4816
572 997 0.1565
573 997 0.6151
574 997 0.8516
575 997 0.3108
576 997 0.4648
577 997 0.7380
578 997 0.6170
579 997 0.4749
580 997 0.1396
581 997 0.9018
582 997 0.9501
583 997 0.7714
584 997 0.7981
585 997 0.5906
586 997 0.7120
587 997 0.7855
588 997 0.6541
589 997 0.6454
590 997 0.3396
591 997 0.3495
592 997 0.7345
593 997 0.6028
594 997 0.3012
595 997 0.8570
596 997 0.1730
597 997 0.7746
598 997 0.4906
599 997 0.6310
600 997 0.2552
601 997 0.2577
602 997 0.1157
603 997 0.0637
604 997 0.8779
605 997 0.3431
606 997 0.5029
607 997 0.1991
608 997 0.4079
609 997 0.2826
610 997 0.3193
611 997 0.3325
612 997 0.1843
613 997 0.9462
614 997 0.8868
615 997 0.3214
616 997 0.1996
617 997 0.3261
618 997 0.1677
619 997 0.8055
620 997 0.1704
621 997 0.3076
622 997 0.2043
623 997 0.8733
624 997 0.8814
625 997 0.0951
626 997 0.2455
627 997 0.5133
628 997 0.4571
629 997 0.4890
630 997 0.5402
631 997 0.6155
632 997 0.4240
633 997 0.1156
634 997 0.4719
635 997 0.8921
636 997 0.7165
637 997 0.4638
638 997 0.3014
639 997 0.6474
640 997 0.6235
641 997 0.4254
642 997 0.9098
643 997 0.1397
644 997 0.1587
645 997 0.7287
646 997 0.8525
647 997 0.8181
648 997 0.7316
649 997 0.7564
650 997 0.4840
651 997 0.7724
652 997 0.9285
653 997 0.5411
654 997 0.1860
655 997 0.7643
656 997 0.7353
657 997 0.9003
658 997 0.5000
659 997 0.4655
660 997 0.3885
661 997 0.7539
662 997 0.5632
663 997 0.3251
664 997 0.1988
665 997 0.3300
666 997 0.0286
667 997 0.3321
668 997 0.0688
669 997 0.7270
670 997 0.1600
671 997 0.3335
672 997 0.6354
673 997 0.8151
674 997 0.0347
675 997 0.3458
676 997 0.8131
677 997 0.1701
678 997 0.1334
679 997 0.0951
680 997 0.5193
681 997 0.6868
682 997 0.6917
683 997 0.1216
684 997 0.2046
685 997 0.7661
686 997 0.0206
687 997 0.8136
688 997 0.0594
689 997 0.7670
690 997 0.4771
691 997 0.4830
692 997 0.5624
693 997 0.1592
694 997 0.3071
695 997 0.9042
696 997 0.6986
697 997 0.7335
698 997 0.3494
699 997 0.8946
700 997 0.8502
701 997 0.7097
702 997 0.4971
703 997 0.3351
704 997 0.2847
705 997 0.6314
706 997 0.1570
707 997 0.2229
708 997 0.0558
709 997 0.8173
710 997 0.0956
711 997 0.0429
712 997 0.1289
713 997 0.7922
714 997 0.8059
715 997 0.2354
716 997 0.9010
717 997 0.1231
718 997 0.8629
719 997 0.3919
720 997 0.0271
721 997 0.6622
722 997 0.4836
723 997 0.4427
724 997 0.7336
725 997 0.0995
726 997 0.3704
727 997 0.0052
728 997 0.8272
729 997 0.5702
730 997 0.1918
731 997 0.7863
732 997 0.2767
733 997 0.3678
734 997 0.2600
735 997 0.5628
736 997 0.1773
737 997 0.5203
738 997 0.3319
739 997 0.0891
740 997 0.1309
741 997 0.5688
742 997 0.8387
743 997 0.2494
744 997 0.2502
745 997 0.1184
746 997 0.7725
747 997 0.1882
748 997 0.0275
749 997 0.9112
750 997 0.4697
751 997 0.9208
752 997 0.8544
753 997 0.3766
754 997 0.2882
755 997 0.8341
756 997 0.4966
757 997 0.6497
758 997 0.2681
759 997 0.2534
760 997 0.9613
761 997 0.0049
762 997 0.2710
763 997 0.1875
764 997 0.3044
765 997 0.1853
766 997 0.3518
767 997 0.1612
768 997 0.9574
769 997 0.4049
770 997 0.2344
771 997 0.7684
772 997 0.4110
773 997 0.7868
774 997 0.7021
775 997 0.2413
776 997 0.8410
777 997 0.2635
778 997 0.7301
779 997 0.6797
780 997 0.0153
781 997 0.9619
782 997 0.7927
783 997 0.9535
784 997 0.7287
785 997 0.2754
786 997 0.3845
787 997 0.4868
788 997 0.2834
789 997 0.3227
790 997 0.4225
791 997 0.6864
792 997 0.2226
793 997 0.3682
794 997 0.9095
795 997 0.2902
796 997 0.0265
797 997 0.3959
798 997 0.5458
799 997 0.7512
800 997 0.4423
801 997 0.8944
802 997 0.7547
803 997 0.2063
804 997 0.7194
805 997 0.6856
806 997 0.4176
807 997 0.5125
808 997 0.1665
809 997 0.3905
810 997 0.0399
811 997 0.5256
812 997 0.0099
813 997 0.1047
814 997 0.3185
815 997 0.8632
816 997 0.1597
817 997 0.7751
818 997 0.4039
819 997 0.7809
820 997 0.2818
821 997 0.3325
822 997 0.2090
823 997 0.9166
824 997 0.5146
825 997 0.4253
826 997 0.6430
827 997 0.5175
828 997 0.1487
829 997 0.0997
830 997 0.7134
831 997 0.6694
832 997 0.7583
833 997 0.0737
834 997 0.8635
835 997 0.7404
836 997 0.9074
837 997 0.6105
838 997 0.6994
839 997 0.9906
840 997 0.5361
841 997 0.0667
842 997 0.7688
843 997 0.1728
844 997 0.6587
845 997 0.9735
846 997 0.4213
847 997 0.7685
848 997 0.8530
849 997 0.4872
850 997 0.6628
851 997 0.7469
852 997 0.4831
853 997 0.7465
854 997 0.7083
855 997 0.2697
856 997 0.7330
857 997 0.4850
858 997 0.2315
859 997 0.0705
860 997 0.6677
861 997 0.8577
862 997 0.1402
863 997 0.2288
864 997 0.0285
865 997 0.3648
866 997 0.9141
867 997 0.6227
868 997 0.1059
869 997 0.7085
870 997 0.5385
871 997 0.2828
872 997 0.7232
873 997 0.5082
874 997 0.4155
875 997 0.6283
876 997 0.7601
877 997 0.5642
878 997 0.3597
879 997 0.9363
880 997 0.7189
881 997 0.1798
882 997 0.1409
883 997 0.4708
884 997 0.5022
885 997 0.8107
886 997 0.0673
887 997 0.4283
888 997 0.9890
889 997 0.1284
890 997 0.0604
891 997 0.7496
892 997 0.6474
893 997 0.0960
894 997 0.0377
895 997 0.0563
896 997 0.9293
897 997 0.8985
898 997 0.5963
899 997 0.6087
900 997 0.3443
901 997 0.9899
902 997 0.9572
903 997 0.8030
904 997 0.1759
905 997 0.0957
906 997 0.2850
907 997 0.3890
908 997 0.3157
909 997 0.1427
910 997 0.5019
911 997 0.9042
912 997 0.1270
913 997 0.4538
914 997 0.9110
915 997 0.1686
916 997 0.7869
917 997 0.4327
918 997 0.5052
919 997 0.7789
920 997 0.0359
921 997 0.1686
922 997 0.7778
923 997 0.2342
924 997 0.7177
925 997 0.1435
926 997 0.5216
927 997 0.9292
928 997 0.5615
929 997 0.9659
930 997 0.8480
931 997 0.9841
932 997 0.8577
933 997 0.2673
934 997 0.9448
935 997 0.3165
936 997 0.3033
937 997 0.7631
938 997 0.8604
939 997 0.9150
940 997 0.9535
941 997 0.3825
942 997 0.3743
943 997 0.4695
944 997 0.8359
945 997 0.5118
946 997 0.4045
947 997 0.3625
948 997 0.2952
949 997 0.4641
950 997 0.3652
951 997 0.8854
952 997 0.1004
953 997 0.5537
954 997 0.6759
955 997 0.0708
956 997 0.8898
957 997 0.3285
958 997 0.8197
959 997 0.6529
960 997 0.8504
961 997 0.6727
962 997 0.2914
963 997 0.8693
964 997 0.2633
965 997 0.0179
966 997 0.7329
967 997 0.7599
968 997 0.2126
969 997 0.7141
970 997 0.4698
971 997 0.2581
972 997 0.6286
973 997 0.1188
974 997 0.5360
975 997 0.2193
976 997 0.5002
977 997 0.5949
978 997 0.4813
979 997 0.8927
980 997 0.9384
981 997 0.3051
982 997 0.8692
983 997 0.5421
984 997 0.0689
985 997 0.7384
986 997 0.1373
987 997 0.5937
988 997 0.6065
989 997 0.8232
990 997 0.0452
991 997 0.2336
992 997 0.7177
993 997 0.2254
994 997 0.1138
995 997 0.1396
996 997 0.1097
997 997 0.1468
998 997 0.9961
999 997 0.1242
1000 997 0.7558
1 998 0.1770
2 998 0.9118
3 998 0.3319
4 998 0.6436
5 998 0.8901
6 998 0.9893
7 998 0.9518
8 998 0.5258
9 998 0.3851
10 998 0.8064
11 998 0.3615
12 998 0.7566
13 998 0.8800
14 998 0.1491
15 998 0.9396
16 998 0.3582
17 998 0.4594
18 998 0.5224
19 998 0.4218
20 998 0.4986
21 998 0.2186
22 998 0.2175
23 998 0.8407
24 998 0.8700
25 998 0.7191
26 998 0.4350
27 998 0.3709
28 998 0.9978
29 998 0.1501
30 998 0.4237
31 998 0.5377
32 998 0.5056
33 998 0.6115
34 998 0.3777
35 998 0.1609
36 998 0.8059
37 998 0.9135
38 998 0.0569
39 998 0.9466
40 998 0.6110
41 998 0.5700
42 998 0.0883
43 998 0.6509
44 998 0.2513
45 998 0.8751
46 998 0.7060
47 998 0.0298
48 998 0.3223
49 998 0.7295
50 998 0.2352
51 998 0.4088
52 998 0.8351
53 998 0.2123
54 998 0.1032
55 998 0.8104
56 998 0.1453
57 998 0.9432
58 998 0.8224
59 998 0.5179
60 998 0.2923
61 998 0.2368
62 998 0.7512
63 998 0.0543
64 998 0.7933
65 998 0.8644
66 998 0.1465
67 998 0.8898
68 998 0.1276
69 998 0.2005
70 998 0.0706
71 998 0.2060
72 998 0.0144
73 998 0.4096
74 998 0.1249
75 998 0.9198
76 998 0.0092
77 998 0.3541
78 998 0.2278
79 998 0.5920
80 998 0.5660
81 998 0.5710
82 998 0.1004
83 998 0.6486
84 998 0.9218
85 998 0.3705
86 998 0.4682
87 998 0.6698
88 998 0.3493
89 998 0.1915
90 998 0.4501
91 998 0.6150
92 998 0.8513
93 998 0.6069
94 998 0.4287
95 998 0.4678
96 998 0.0568
97 998 0.4163
98 998 0.3383
99 998 0.7613
100 998 0.9078
101 998 0.1511
102 998 0.6020
103 998 0.6235
104 998 0.9138
105 998 0.8689
106 998 0.7034
107 998 0.2596
108 998 0.1643
109 998 0.9711
110 998 0.1469
111 998 0.7897
112 998 0.3219
113 998 0.5806
114 998 0.1220
115 998 0.3220
116 998 0.6186
117 998 0.9782
118 998 0.4889
119 998 0.7941
120 998 0.4196
121 998 0.5833
122 998 0.5837
123 998 0.5921
124 998 0.3666
125 998 0.8540
126 998 0.3668
127 998 0.6471
128 998 0.7022
129 998 0.7133
130 998 0.4852
131 998 0.4777
132 998 0.8292
133 998 0.4067
134 998 0.0503
135 998 0.2578
136 998 0.8881
137 998 0.5548
138 998 0.9337
139 998 0.8670
140 998 0.6497
141 998 0.0159
142 998 0.5069
143 998 0.4137
144 998 0.0006
145 998 0.6156
146 998 0.9302
147 998 0.6334
148 998 0.6015
149 998 0.6911
150 998 0.6255
151 998 0.4062
152 998 0.0362
153 998 0.0320
154 998 0.7505
155 998 0.4229
156 998 0.0967
157 998 0.1464
158 998 0.5096
159 998 0.3085
160 998 0.1082
161 998 0.3482
162 998 0.2650
163 998 0.7420
164 998 0.3696
165 998 0.3548
166 998 0.6052
167 998 0.5972
168 998 0.1552
169 998 0.1715
170 998 0.9774
171 998 0.1097
172 998 0.1285
173 998 0.8644
174 998 0.1907
175 998 0.4100
176 998 0.6380
177 998 0.8637
178 998 0.7488
179 998 0.3808
180 998 0.9526
181 998 0.1095
182 998 0.3388
183 998 0.8530
184 998 0.4705
185 998 0.2716
186 998 0.8886
187 998 0.0787
188 998 0.3572
189 998 0.6979
190 998 0.7830
191 998 0.7878
192 998 0.4311
193 998 0.3286
194 998 0.8938
195 998 0.9477
196 998 0.4972
197 998 0.3870
198 998 0.5139
199 998 0.8067
200 998 0.5254
201 998 0.5923
202 998 0.6000
203 998 0.2995
204 998 0.4257
205 998 0.7863
206 998 0.3399
207 998 0.7302
208 998 0.1840
209 998 0.5619
210 998 0.8255
211 998 0.2310
212 998 0.9355
213 998 0.5763
214 998 0.5125
215 998 0.4177
216 998 0.0662
217 998 0.2589
218 998 0.1953
219 998 0.6580
220 998 0.8415
221 998 0.1771
222 998 0.1639
223 998 0.7290
224 998 0.4646
225 998 0.8790
226 998 0.9438
227 998 0.8750
228 998 0.0699
229 998 0.1923
230 998 0.8926
231 998 0.2112
232 998 0.0431
233 998 0.3112
234 998 0.1230
235 998 0.3694
236 998 0.6925
237 998 0.7306
238 998 0.8629
239 998 0.9076
240 998 0.7559
241 998 0.4264
242 998 0.4536
243 998 0.9155
244 998 0.5602
245 998 0.2165
246 998 0.0501
247 998 0.1275
248 998 0.5672
249 998 0.7896
250 998 0.8173
251 998 0.9461
252 998 0.5677
253 998 0.5743
254 998 0.5428
255 998 0.9997
256 998 0.0798
257 998 0.3754
258 998 0.7860
259 998 0.1633
260 998 0.7715
261 998 0.0958
262 998 0.0219
263 998 0.0507
264 998 0.4812
265 998 0.5750
266 998 0.9149
267 998 0.2706
268 998 0.4258
269 998 0.7112
270 998 0.9106
271 998 0.3921
272 998 0.6151
273 998 0.5212
274 998 0.2993
275 998 0.9367
276 998 0.0242
277 998 0.4318
278 998 0.2317
279 998 0.4307
280 998 0.2014
281 998 0.5701
282 998 0.6031
283 998 0.9321
284 998 0.0649
285 998 0.7682
286 998 0.9318
287 998 0.8600
288 998 0.1743
289 998 0.2708
290 998 0.2823
291 998 0.6257
292 998 0.1368
293 998 0.7088
294 998 0.5976
295 998 0.0451
296 998 0.3639
297 998 0.1765
298 998 0.3668
299 998 0.0023
300 998 0.9278
301 998 0.3206
302 998 0.2821
303 998 0.6386
304 998 0.2179
305 998 0.6008
306 998 0.7072
307 998 0.2902
308 998 0.4798
309 998 0.0002
310 998 0.7798
311 998 0.5695
312 998 0.6301
313 998 0.1876
314 998 0.7720
315 998 0.5421
316 998 0.0697
317 998 0.2944
318 998 0.3536
319 998 0.5838
320 998 0.5438
321 998 0.9478
322 998 0.9829
323 998 0.3098
324 998 0.0686
325 998 0.5724
326 998 0.3864
327 998 0.6966
328 998 0.7668
329 998 0.9627
330 998 0.3315
331 998 0.4531
332 998 0.1943
333 998 0.8483
334 998 0.4196
335 998 0.9653
336 998 0.7780
337 998 0.4531
338 998 0.9109
339 998 0.2655
340 998 0.0133
341 998 0.0889
342 998 0.8808
343 998 0.0995
344 998 0.8899
345 998 0.4485
346 998 0.2022
347 998 0.2918
348 998 0.4642
349 998 0.2463
350 998 0.1946
351 998 0.5880
352 998 0.4162
353 998 0.0345
354 998 0.0310
355 998 0.0860
356 998 0.9790
357 998 0.4345
358 998 0.7433
359 998 0.3782
360 998 0.5349
361 998 0.0556
362 998 0.3281
363 998 0.5463
364 998 0.8823
365 998 0.5126
366 998 0.1342
367 998 0.5033
368 998 0.8624
369 998 0.6737
370 998 0.4670
371 998 0.0817
372 998 0.6293
373 998 0.7874
374 998 0.1611
375 998 0.3584
376 998 0.7676
377 998 0.8190
378 998 0.2759
379 998 0.6907
380 998 0.0899
381 998 0.5857
382 998 0.2837
383 998 0.5826
384 998 0.6149
385 998 0.4200
386 998 0.4492
387 998 0.8745
388 998 0.8037
389 998 0.1439
390 998 0.4037
391 998 0.2355
392 998 0.2676
393 998 0.3838
394 998 0.3884
395 998 0.9075
396 998 0.8063
397 998 0.1292
398 998 0.9136
399 998 0.6984
400 998 0.3216
401 998 0.6985
402 998 0.5667
403 998 0.4112
404 998 0.6153
405 998 0.9754
406 998 0.3750
407 998 0.0500
408 998 0.7719
409 998 0.8415
410 998 0.9261
411 998 0.6735
412 998 0.6510
413 998 0.3766
414 998 0.7666
415 998 0.9335
416 998 0.0025
417 998 0.5716
418 998 0.8979
419 998 0.7352
420 998 0.3073
421 998 0.8130
422 998 0.5950
423 998 0.3756
424 998 0.7821
425 998 0.7218
426 998 0.5281
427 998 0.5998
428 998 0.9585
429 998 0.8732
430 998 0.7932
431 998 0.0262
432 998 0.7697
433 998 0.8150
434 998 0.1593
435 998 0.8026
436 998 0.0840
437 998 0.6953
438 998 0.9894
439 998 0.4333
440 998 0.4529
441 998 0.7726
442 998 0.8942
443 998 0.4996
444 998 0.7910
445 998 0.0674
446 998 0.0780
447 998 0.4721
448 998 0.3570
449 998 0.6289
450 998 0.6792
451 998 0.7479
452 998 0.9285
453 998 0.6944
454 998 0.8850
455 998 0.0733
456 998 0.8206
457 998 0.0254
458 998 0.6049
459 998 0.7831
460 998 0.0087
461 998 0.4123
462 998 0.3964
463 998 0.0705
464 998 0.5892
465 998 0.2321
466 998 0.0804
467 998 0.4413
468 998 0.6616
469 998 0.1898
470 998 0.8517
471 998 0.1744
472 998 0.6898
473 998 0.5337
474 998 0.2532
475 998 0.8394
476 998 0.8184
477 998 0.2385
478 998 0.8997
479 998 0.4736
480 998 0.2398
481 998 0.9180
482 998 0.6871
483 998 0.2407
484 998 0.9866
485 998 0.3783
486 998 0.8279
487 998 0.2155
488 998 0.4318
489 998 0.6620
490 998 0.3476
491 998 0.2781
492 998 0.4325
493 998 0.7353
494 998 0.3485
495 998 0.7221
496 998 0.7193
497 998 0.6574
498 998 0.3198
499 998 0.6171
500 998 0.1167
501 998 0.8612
502 998 0.4163
503 998 0.6960
504 998 0.2583
505 998 0.8160
506 998 0.9581
507 998 0.2653
508 998 0.8220
509 998 0.6478
510 998 0.9681
511 998 0.6630
512 998 0.3950
513 998 0.6861
514 998 0.7231
515 998 0.4226
516 998 0.1125
517 998 0.4718
518 998 0.0715
519 998 0.9446
520 998 0.7361
521 998 0.9344
522 998 0.7163
523 998 0.1443
524 998 0.1338
525 998 0.2959
526 998 0.2786
527 998 0.7850
528 998 0.5136
529 998 0.4696
530 998 0.9292
531 998 0.0327
532 998 0.4087
533 998 0.8640
534 998 0.4031
535 998 0.0495
536 998 0.0892
537 998 0.0809
538 998 0.9327
539 998 0.6314
540 998 0.9151
541 998 0.0863
542 998 0.0534
543 998 0.0436
544 998 0.6200
545 998 0.0962
546 998 0.6157
547 998 0.1306
548 998 0.1647
549 998 0.9244
550 998 0.1225
551 998 0.9361
552 998 0.5417
553 998 0.2219
554 998 0.7488
555 998 0.5138
556 998 0.5022
557 998 0.4910
558 998 0.6438
559 998 0.9166
560 998 0.0769
561 998 0.7069
562 998 0.0634
563 998 0.6119
564 998 0.8085
565 998 0.9887
566 998 0.6821
567 998 0.1122
568 998 0.8499
569 998 0.0295
570 998 0.4797
571 998 0.5418
572 998 0.1192
573 998 0.7663
574 998 0.1247
575 998 0.7277
576 998 0.4004
577 998 0.3927
578 998 0.1427
579 998 0.3833
580 998 0.7068
581 998 0.4754
582 998 0.3284
583 998 0.6409
584 998 0.6258
585 998 0.5499
586 998 0.2152
587 998 0.9778
588 998 0.2141
589 998 0.1707
590 998 0.0690
591 998 0.8322
592 998 0.5600
593 998 0.7254
594 998 0.7311
595 998 0.2381
596 998 0.1443
597 998 0.9193
598 998 0.5613
599 998 0.8726
600 998 0.8686
601 998 0.5990
602 998 0.3212
603 998 0.5911
604 998 0.9596
605 998 0.3003
606 998 0.5211
607 998 0.5304
608 998 0.3993
609 998 0.3735
610 998 0.1679
611 998 0.2458
612 998 0.4103
613 998 0.1410
614 998 0.5698
615 998 0.7237
616 998 0.3471
617 998 0.2617
618 998 0.6127
619 998 0.2975
620 998 0.2934
621 998 0.7534
622 998 0.4961
623 998 0.5524
624 998 0.7934
625 998 0.8244
626 998 0.9973
627 998 0.4659
628 998 0.8846
629 998 0.3932
630 998 0.1491
631 998 0.1817
632 998 0.5760
633 998 0.7201
634 998 0.0510
635 998 0.8595
636 998 0.2330
637 998 0.7157
638 998 0.6301
639 998 0.1155
640 998 0.6755
641 998 0.4900
642 998 0.6547
643 998 0.5606
644 998 0.8229
645 998 0.8389
646 998 0.5830
647 998 0.2639
648 998 0.6267
649 998 0.4644
650 998 0.5250
651 998 0.8831
652 998 0.9360
653 998 0.1499
654 998 0.7950
655 998 0.9147
656 998 0.5519
657 998 0.1901
658 998 0.7505
659 998 0.3152
660 998 0.3285
661 998 0.4800
662 998 0.5092
663 998 0.3475
664 998 0.8034
665 998 0.5430
666 998 0.9527
667 998 0.3762
668 998 0.6283
669 998 0.4206
670 998 0.6282
671 998 0.0604
672 998 0.6061
673 998 0.1814
674 998 0.7447
675 998 0.2839
676 998 0.7667
677 998 0.6132
678 998 0.0294
679 998 0.2079
680 998 0.0667
681 998 0.0149
682 998 0.7726
683 998 0.1036
684 998 0.3682
685 998 0.1234
686 998 0.0618
687 998 0.1784
688 998 0.7349
689 998 0.2672
690 998 0.8634
691 998 0.5909
692 998 0.4754
693 998 0.4957
694 998 0.3297
695 998 0.5512
696 998 0.0241
697 998 0.2365
698 998 0.4503
699 998 0.1657
700 998 0.2834
701 998 0.3908
702 998 0.9524
703 998 0.9421
704 998 0.1630
705 998 0.4995
706 998 0.6638
707 998 0.0094
708 998 0.2263
709 998 0.4207
710 998 0.9330
711 998 0.4496
712 998 0.7071
713 998 0.4414
714 998 0.1412
715 998 0.9991
716 998 0.9985
717 998 0.0534
718 998 0.3130
719 998 0.3191
720 998 0.1523
721 998 0.0473
722 998 0.3104
723 998 0.3050
724 998 0.1229
725 998 0.7394
726 998 0.6830
727 998 0.8669
728 998 0.3941
729 998 0.9220
730 998 0.3686
731 998 0.3959
732 998 0.6662
733 998 0.3541
734 998 0.5793
735 998 0.8521
736 998 0.6594
737 998 0.0042
738 998 0.1189
739 998 0.4816
740 998 0.0074
741 998 0.1846
742 998 0.8460
743 998 0.7571
744 998 0.6027
745 998 0.7569
746 998 0.8338
747 998 0.5560
748 998 0.9386
749 998 0.7238
750 998 0.9958
751 998 0.2675
752 998 0.8324
753 998 0.6412
754 998 0.4438
755 998 0.7214
756 998 0.3872
757 998 0.5015
758 998 0.0709
759 998 0.5382
760 998 0.9305
761 998 0.7883
762 998 0.5490
763 998 0.4373
764 998 0.0537
765 998 0.0804
766 998 0.0354
767 998 0.7911
768 998 0.0509
769 998 0.7239
770 998 0.7173
771 998 0.6063
772 998 0.8592
773 998 0.7966
774 998 0.0806
775 998 0.6012
776 998 0.1006
777 998 0.3859
778 998 0.7461
779 998 0.6228
780 998 0.7665
781 998 0.0260
782 998 0.6063
783 998 0.6936
784 998 0.3100
785 998 0.4504
786 998 0.4435
787 998 0.6797
788 998 0.7336
789 998 0.2548
790 998 0.6346
791 998 0.9186
792 998 0.4686
793 998 0.4060
794 998 0.8946
795 998 0.9092
796 998 0.8423
797 998 0.8286
798 998 0.9845
799 998 0.9058
800 998 0.4257
801 998 0.6824
802 998 0.5260
803 998 0.1974
804 998 0.0909
805 998 0.1388
806 998 0.6357
807 998 0.2227
808 998 0.9251
809 998 0.3544
810 998 0.2602
811 998 0.3502
812 998 0.0793
813 998 0.2017
814 998 0.3606
815 998 0.5722
816 998 0.1539
817 998 0.1690
818 998 0.5515
819 998 0.7626
820 998 0.4467
821 998 0.9033
822 998 0.9218
823 998 0.2817
824 998 0.3362
825 998 0.6721
826 998 0.4923
827 998 0.4705
828 998 0.5822
829 998 0.1803
830 998 0.9772
831 998 0.9042
832 998 0.8757
833 998 0.3150
834 998 0.9671
835 998 0.3119
836 998 0.9780
837 998 0.8820
838 998 0.0157
839 998 0.5194
840 998 0.9835
841 998 0.0918
842 998 0.1664
843 998 0.1199
844 998 0.2575
845 998 0.2705
846 998 0.5192
847 998 0.4307
848 998 0.3563
849 998 0.9548
850 998 0.1761
851 998 0.9045
852 998 0.6338
853 998 0.4403
854 998 0.6099
855 998 0.0347
856 998 0.9291
857 998 0.3853
858 998 0.8649
859 998 0.9706
860 998 0.8324
861 998 0.3081
862 998 0.6698
863 998 0.9717
864 998 0.5899
865 998 0.7148
866 998 0.9141
867 998 0.6095
868 998 0.8401
869 998 0.5761
870 998 0.9605
871 998 0.6321
872 998 0.9989
873 998 0.8739
874 998 0.5011
875 998 0.0714
876 998 0.5584
877 998 0.2376
878 998 0.1319
879 998 0.3903
880 998 0.0886
881 998 0.6018
882 998 0.7512
883 998 0.1104
884 998 0.1167
885 998 0.4730
886 998 0.0985
887 998 0.1713
888 998 0.3143
889 998 0.8589
890 998 0.2449
891 998 0.1423
892 998 0.1984
893 998 0.5519
894 998 0.4608
895 998 0.7986
896 998 0.3372
897 998 0.7291
898 998 0.8177
899 998 0.4065
900 998 0.0204
901 998 0.3720
902 998 0.6997
903 998 0.7700
904 998 0.6560
905 998 0.7367
906 998 0.0991
907 998 0.0761
908 998 0.1507
909 998 0.9355
910 998 0.8452
911 998 0.6916
912 998 0.6777
913 998 0.9543
914 998 0.1585
915 998 0.2141
916 998 0.3772
917 998 0.0397
918 998 0.5670
919 998 0.6127
920 998 0.7933
921 998 0.1294
922 998 0.3791
923 998 0.0514
924 998 0.2787
925 998 0.8675
926 998 0.9745
927 998 0.1490
928 998 0.6911
929 998 0.2813
930 998 0.3991
931 998 0.4977
932 998 0.9991
933 998 0.9762
934 998 0.5768
935 998 0.7517
936 998 0.2246
937 998 0.3025
938 998 0.3097
939 998 0.4764
940 998 0.0968
941 998 0.9765
942 998 0.3521
943 998 0.9237
944 998 0.4848
945 998 0.7787
946 998 0.9610
947 998 0.8232
948 998 0.6340
949 998 0.5687
950 998 0.9347
951 998 0.6915
952 998 0.2236
953 998 0.8419
954 998 0.7416
955 998 0.9680
956 998 0.4922
957 998 0.5893
958 998 0.1447
959 998 0.5014
960 998 0.9695
961 998 0.4526
962 998 0.2452
963 998 0.8540
964 998 0.0028
965 998 0.5761
966 998 0.5352
967 998 0.5931
968 998 0.1494
969 998 0.6081
970 998 0.2155
971 998 0.1398
972 998 0.5766
973 998 0.5590
974 998 0.0851
975 998 0.0873
976 998 0.6541
977 998 0.5989
978 998 0.5322
979 998 0.6343
980 998 0.5686
981 998 0.0449
982 998 0.4207
983 998 0.2432
984 998 0.5335
985 998 0.4087
986 998 0.8458
987 998 0.2694
988 998 0.8847
989 998 0.5200
990 998 0.7770
991 998 0.8949
992 998 0.1978
993 998 0.7309
994 998 0.6007
995 998 0.1387
996 998 0.9469
997 998 0.6636
998 998 0.8921
999 998 0.8307
1000 998 0.1793
1 999 0.6074
2 999 0.4983
3 999 0.6842
4 999 0.1895
5 999 0.0069
6 999 0.5552
7 999 0.2209
8 999 0.1439
9 999 0.7553
10 999 0.4688
11 999 0.4701
12 999 0.2068
13 999 0.1552
14 999 0.7566
15 999 0.4093
16 999 0.5610
17 999 0.3534
18 999 0.1694
19 999 0.8871
20 999 0.2531
21 999 0.3836
22 999 0.2111
23 999 0.2130
24 999 0.6514
25 999 0.9083
26 999 0.0312
27 999 0.1567
28 999 0.5131
29 999 0.9731
30 999 0.7192
31 999 0.9578
32 999 0.9227
33 999 0.0834
34 999 0.9542
35 999 0.9727
36 999 0.1189
37 999 0.0745
38 999 0.5560
39 999 0.1877
40 999 0.5654
41 999 0.9934
42 999 0.8898
43 999 0.7746
44 999 0.9151
45 999 0.5800
46 999 0.9679
47 999 0.1488
48 999 0.0220
49 999 0.9827
50 999 0.1906
51 999 0.0849
52 999 0.5564
53 999 0.8284
54 999 0.5125
55 999 0.7474
56 999 0.3605
57 999 0.8868
58 999 0.5863
59 999 0.9456
60 999 0.4822
61 999 0.1185
62 999 0.3615
63 999 0.8654
64 999 0.6157
65 999 0.1227
66 999 0.1194
67 999 0.6819
68 999 0.3916
69 999 0.4966
70 999 0.0268
71 999 0.0511
72 999 0.5535
73 999 0.8943
74 999 0.2815
75 999 0.1985
76 999 0.0929
77 999 0.4732
78 999 0.6472
79 999 0.9068
80 999 0.6183
81 999 0.9199
82 999 0.7408
83 999 0.7682
84 999 0.1322
85 999 0.2119
86 999 0.5481
87 999 0.8697
88 999 0.2358
89 999 0.5256
90 999 0.5757
91 999 0.6917
92 999 0.3913
93 999 0.6047
94 999 0.6586
95 999 0.3222
96 999 0.8584
97 999 0.0290
98 999 0.2799
99 999 0.2830
100 999 0.5422
101 999 0.3841
102 999 0.7965
103 999 0.5586
104 999 0.8769
105 999 0.6568
106 999 0.0204
107 999 0.9294
108 999 0.8136
109 999 0.7216
110 999 0.8293
111 999 0.2767
112 999 0.2302
113 999 0.1040
114 999 0.2303
115 999 0.0747
116 999 0.5952
117 999 0.3715
118 999 0.6065
119 999 0.5195
120 999 0.4798
121 999 0.8688
122 999 0.4943
123 999 0.1928
124 999 0.6517
125 999 0.1582
126 999 0.6810
127 999 0.3728
128 999 0.0365
129 999 0.8894
130 999 0.0263
131 999 0.0206
132 999 0.9402
133 999 0.0243
134 999 0.1648
135 999 0.3749
136 999 0.1509
137 999 0.1660
138 999 0.1759
139 999 0.1029
140 999 0.7552
141 999 0.3505
142 999 0.2863
143 999 0.9920
144 999 0.3113
145 999 0.8905
146 999 0.3629
147 999 0.7556
148 999 0.3194
149 999 0.9359
150 999 0.8808
151 999 0.2306
152 999 0.0617
153 999 0.9122
154 999 0.8893
155 999 0.1445
156 999 0.6362
157 999 0.9428
158 999 0.7031
159 999 0.7843
160 999 0.6593
161 999 0.8896
162 999 0.4647
163 999 0.2308
164 999 0.0246
165 999 0.3838
166 999 0.4852
167 999 0.1086
168 999 0.7057
169 999 0.8740
170 999 0.1744
171 999 0.9476
172 999 0.6644
173 999 0.7115
174 999 0.1664
175 999 0.3345
176 999 0.5260
177 999 0.4595
178 999 0.9927
179 999 0.6519
180 999 0.1726
181 999 0.0882
182 999 0.0041
183 999 0.5407
184 999 0.8375
185 999 0.4993
186 999 0.5936
187 999 0.8845
188 999 0.5355
189 999 0.5191
190 999 0.5081
191 999 0.4171
192 999 0.7065
193 999 0.8766
194 999 0.6792
195 999 0.8775
196 999 0.0635
197 999 0.2775
198 999 0.1729
199 999 0.4339
200 999 0.9492
201 999 0.9790
202 999 0.6964
203 999 0.8883
204 999 0.6154
205 999 0.5047
206 999 0.5475
207 999 0.8941
208 999 0.6530
209 999 0.4757
210 999 0.9449
211 999 0.8445
212 999 0.3358
213 999 0.6642
214 999 0.9825
215 999 0.1375
216 999 0.7287
217 999 0.7083
218 999 0.0285
219 999 0.1922
220 999 0.7703
221 999 0.4736
222 999 0.8203
223 999 0.1267
224 999 0.5740
225 999 0.6988
226 999 0.1426
227 999 0.5733
228 999 0.6186
229 999 0.5483
230 999 0.0810
231 999 0.1379
232 999 0.4498
233 999 0.7963
234 999 0.2381
235 999 0.6943
236 999 0.0404
237 999 0.5131
238 999 0.2896
239 999 0.0060
240 999 0.2108
241 999 0.2938
242 999 0.4323
243 999 0.6245
244 999 0.1428
245 999 0.8905
246 999 0.1759
247 999 0.6185
248 999 0.9845
249 999 0.6056
250 999 0.9563
251 999 0.6448
252 999 0.2042
253 999 0.9435
254 999 0.5997
255 999 0.6541
256 999 0.8503
257 999 0.3007
258 999 0.8126
259 999 0.4279
260 999 0.4641
261 999 0.9056
262 999 0.0096
263 999 0.4494
264 999 0.2658
265 999 0.6380
266 999 0.0690
267 999 0.5222
268 999 0.2045
269 999 0.2701
270 999 0.9956
271 999 0.4364
272 999 0.8539
273 999 0.7400
274 999 0.5920
275 999 0.8518
276 999 0.7999
277 999 0.1721
278 999 0.3628
279 999 0.9068
280 999 0.3804
281 999 0.9766
282 999 0.8306
283 999 0.5183
284 999 0.8129
285 999 0.8736
286 999 0.8718
287 999 0.3289
288 999 0.7382
289 999 0.6776
290 999 0.4199
291 999 0.1614
292 999 0.1112
293 999 0.4007
294 999 0.8886
295 999 0.7784
296 999 0.0357
297 999 0.4359
298 999 0.0423
299 999 0.7071
300 999 0.4002
301 999 0.0025
302 999 0.3766
303 999 0.7742
304 999 0.6027
305 999 0.0439
306 999 0.5943
307 999 0.3009
308 999 0.2698
309 999 0.0963
310 999 0.1953
311 999 0.6195
312 999 0.9277
313 999 0.9261
314 999 0.9236
315 999 0.5420
316 999 0.2408
317 999 0.0879
318 999 0.5224
319 999 0.3369
320 999 0.7982
321 999 0.2926
322 999 0.7845
323 999 0.1385
324 999 0.4672
325 999 0.2891
326 999 0.9535
327 999 0.0271
328 999 0.6136
329 999 0.4674
330 999 0.0297
331 999 0.2717
332 999 0.9867
333 999 0.2780
334 999 0.4039
335 999 0.7059
336 999 0.1129
337 999 0.8058
338 999 0.8938
339 999 0.5371
340 999 0.9817
341 999 0.0594
342 999 0.4946
343 999 0.7268
344 999 0.5743
345 999 0.5474
346 999 0.1638
347 999 0.6421
348 999 0.3928
349 999 0.1921
350 999 0.0106
351 999 0.8704
352 999 0.1518
353 999 0.8748
354 999 0.9759
355 999 0.8740
356 999 0.0184
357 999 0.0843
358 999 0.8169
359 999 0.0434
360 999 0.3590
361 999 0.9793
362 999 0.6692
363 999 0.3225
364 999 0.6848
365 999 0.0732
366 999 0.7884
367 999 0.6027
368 999 0.7555
369 999 0.7950
370 999 0.8626
371 999 0.0740
372 999 0.7991
373 999 0.6864
374 999 0.9388
375 999 0.4493
376 999 0.7722
377 999 0.5910
378 999 0.6767
379 999 0.4116
380 999 0.5306
381 999 0.2427
382 999 0.5445
383 999 0.7933
384 999 0.5277
385 999 0.7258
386 999 0.8191
387 999 0.9689
388 999 0.9519
389 999 0.0243
390 999 0.1262
391 999 0.5049
392 999 0.9386
393 999 0.1032
394 999 0.2409
395 999 0.6877
396 999 0.9136
397 999 0.2413
398 999 0.8489
399 999 0.0212
400 999 0.7413
401 999 0.9312
402 999 0.3370
403 999 0.9900
404 999 0.6780
405 999 0.6881
406 999 0.7295
407 999 0.9461
408 999 0.1408
409 999 0.2306
410 999 0.7032
411 999 0.1976
412 999 0.0933
413 999 0.4493
414 999 0.4378
415 999 0.6258
416 999 0.7873
417 999 0.1314
418 999 0.3598
419 999 0.3843
420 999 0.1687
421 999 0.7347
422 999 0.9214
423 999 0.4237
424 999 0.5082
425 999 0.4347
426 999 0.2927
427 999 0.5893
428 999 0.8762
429 999 0.7213
430 999 0.7148
431 999 0.8608
432 999 0.1976
433 999 0.2693
434 999 0.4045
435 999 0.0483
436 999 0.4282
437 999 0.1854
438 999 0.6371
439 999 0.4692
440 999 0.6126
441 999 0.8398
442 999 0.2984
443 999 0.9285
444 999 0.8599
445 999 0.5887
446 999 0.8149
447 999 0.5407
448 999 0.6475
449 999 0.3139
450 999 0.3889
451 999 0.8449
452 999 0.0283
453 999 0.8004
454 999 0.0121
455 999 0.2302
456 999 0.8553
457 999 0.4221
458 999 0.5194
459 999 0.8452
460 999 0.0794
461 999 0.1693
462 999 0.5517
463 999 0.9927
464 999 0.9273
465 999 0.4223
466 999 0.9514
467 999 0.6865
468 999 0.2042
469 999 0.2795
470 999 0.2181
471 999 0.8986
472 999 0.1934
473 999 0.9970
474 999 0.1861
475 999 0.6252
476 999 0.2506
477 999 0.8604
478 999 0.7281
479 999 0.3678
480 999 0.7404
481 999 0.1822
482 999 0.9261
483 999 0.0697
484 999 0.3452
485 999 0.5315
486 999 0.5226
487 999 0.5640
488 999 0.4189
489 999 0.8099
490 999 0.0996
491 999 0.7154
492 999 0.6163
493 999 0.3508
494 999 0.0904
495 999 0.5772
496 999 0.1707
497 999 0.2490
498 999 0.6418
499 999 0.6781
500 999 0.8595
501 999 0.2940
502 999 0.9192
503 999 0.0209
504 999 0.0870
505 999 0.9993
506 999 0.6536
507 999 0.4582
508 999 0.8889
509 999 0.7362
510 999 0.8272
511 999 0.6985
512 999 0.2646
513 999 0.8719
514 999 0.4920
515 999 0.7296
516 999 0.5530
517 999 0.2214
518 999 0.7369
519 999 0.5679
520 999 0.5012
521 999 0.6288
522 999 0.9687
523 999 0.3891
524 999 0.5202
525 999 0.4766
526 999 0.7623
527 999 0.2464
528 999 0.8256
529 999 0.6133
530 999 0.0152
531 999 0.3588
532 999 0.2777
533 999 0.8130
534 999 0.8858
535 999 0.8114
536 999 0.1230
537 999 0.0781
538 999 0.6985
539 999 0.1731
540 999 0.4238
541 999 0.8128
542 999 0.2319
543 999 0.9437
544 999 0.6482
545 999 0.3336
546 999 0.9819
547 999 0.8253
548 999 0.1076
549 999 0.7375
550 999 0.7775
551 999 0.0403
552 999 0.8973
553 999 0.9203
554 999 0.3406
555 999 0.3850
556 999 0.2640
557 999 0.6484
558 999 0.9775
559 999 0.7119
560 999 0.8655
561 999 0.2353
562 999 0.5870
563 999 0.6731
564 999 0.5584
565 999 0.9527
566 999 0.4056
567 999 0.3531
568 999 0.4606
569 999 0.6923
570 999 0.5860
571 999 0.7083
572 999 0.9031
573 999 0.8302
574 999 0.9771
575 999 0.3463
576 999 0.4449
577 999 0.3403
578 999 0.9338
579 999 0.6256
580 999 0.3656
581 999 0.9486
582 999 0.6139
583 999 0.7997
584 999 0.9202
585 999 0.5425
586 999 0.6244
587 999 0.6603
588 999 0.6485
589 999 0.2412
590 999 0.6098
591 999 0.2205
592 999 0.9383
593 999 0.2024
594 999 0.5414
595 999 0.4208
596 999 0.9598
597 999 0.9809
598 999 0.8997
599 999 0.8098
600 999 0.7062
601 999 0.0441
602 999 0.4002
603 999 0.9230
604 999 0.3628
605 999 0.4795
606 999 0.3624
607 999 0.9418
608 999 0.4348
609 999 0.1604
610 999 0.8665
611 999 0.4380
612 999 0.7232
613 999 0.2923
614 999 0.3209
615 999 0.2627
616 999 0.6698
617 999 0.3937
618 999 0.7941
619 999 0.8721
620 999 0.5764
621 999 0.1152
622 999 0.8066
623 999 0.1359
624 999 0.8320
625 999 0.3365
626 999 0.7892
627 999 0.3209
628 999 0.3696
629 999 0.1499
630 999 0.0363
631 999 0.9968
632 999 0.6277
633 999 0.4959
634 999 0.6451
635 999 0.2873
636 999 0.2284
637 999 0.4601
638 999 0.1515
639 999 0.0981
640 999 0.0250
641 999 0.3283
642 999 0.9143
643 999 0.6852
644 999 0.6843
645 999 0.2853
646 999 0.1229
647 999 0.3300
648 999 0.4037
649 999 0.2408
650 999 0.6866
651 999 0.7307
652 999 0.8685
653 999 0.4316
654 999 0.2647
655 999 0.2797
656 999 0.5908
657 999 0.9959
658 999 0.3315
659 999 0.7690
660 999 0.5859
661 999 0.3080
662 999 0.0159
663 999 0.5772
664 999 0.0898
665 999 0.1714
666 999 0.9374
667 999 0.8813
668 999 0.0779
669 999 0.1688
670 999 0.7133
671 999 0.5598
672 999 0.4114
673 999 0.7178
674 999 0.6879
675 999 0.8361
676 999 0.6385
677 999 0.3108
678 999 0.1673
679 999 0.6351
680 999 0.3766
681 999 0.1371
682 999 0.3750
683 999 0.7548
684 999 0.3932
685 999 0.7858
686 999 0.5248
687 999 0.0042
688 999 0.6250
689 999 0.6441
690 999 0.3409
691 999 0.3074
692 999 0.8557
693 999 0.5128
694 999 0.3717
695 999 0.1156
696 999 0.3646
697 999 0.8420
698 999 0.3821
699 999 0.3559
700 999 0.1372
701 999 0.0641
702 999 0.8255
703 999 0.2082
704 999 0.1325
705 999 0.6718
706 999 0.4850
707 999 0.9951
708 999 0.1718
709 999 0.8110
710 999 0.5859
711 999 0.0366
712 999 0.0992
713 999 0.4877
714 999 0.2553
715 999 0.3924
716 999 0.9484
717 999 0.3911
718 999 0.2948
719 999 0.5071
720 999 0.8846
721 999 0.8715
722 999 0.9921
723 999 0.9363
724 999 0.3427
725 999 0.2516
726 999 0.3209
727 999 0.4227
728 999 0.0816
729 999 0.4887
730 999 0.9669
731 999 0.4847
732 999 0.4108
733 999 0.5682
734 999 0.3086
735 999 0.9127
736 999 0.3951
737 999 0.5159
738 999 0.1613
739 999 0.7481
740 999 0.8820
741 999 0.9980
742 999 0.3639
743 999 0.7078
744 999 0.2783
745 999 0.5498
746 999 0.2257
747 999 0.5446
748 999 0.8244
749 999 0.5623
750 999 0.9027
751 999 0.2028
752 999 0.8381
753 999 0.0360
754 999 0.0584
755 999 0.7760
756 999 0.9267
757 999 0.6279
758 999 0.6979
759 999 0.9494
760 999 0.7280
761 999 0.1168
762 999 0.0083
763 999 0.2387
764 999 0.6185
765 999 0.5217
766 999 0.4517
767 999 0.7643
768 999 0.3631
769 999 0.7878
770 999 0.4687
771 999 0.2961
772 999 0.1362
773 999 0.6469
774 999 0.2801
775 999 0.2239
776 999 0.5379
777 999 0.5707
778 999 0.8731
779 999 0.9969
780 999 0.9505
781 999 0.6555
782 999 0.3493
783 999 0.2756
784 999 0.5942
785 999 0.6148
786 999 0.4809
787 999 0.4706
788 999 0.0673
789 999 0.0209
790 999 0.7495
791 999 0.7209
792 999 0.6567
793 999 0.2789
794 999 0.7352
795 999 0.5932
796 999 0.2342
797 999 0.9510
798 999 0.9914
799 999 0.9585
800 999 0.6517
801 999 0.8247
802 999 0.3715
803 999 0.7680
804 999 0.2633
805 999 0.4753
806 999 0.4533
807 999 0.6035
808 999 0.6845
809 999 0.8817
810 999 0.3806
811 999 0.7327
812 999 0.7438
813 999 0.6543
814 999 0.1089
815 999 0.0198
816 999 0.6423
817 999 0.0809
818 999 0.7620
819 999 0.5132
820 999 0.7346
821 999 0.3101
822 999 0.9953
823 999 0.5344
824 999 0.1632
825 999 0.6265
826 999 0.8132
827 999 0.0409
828 999 0.0911
829 999 0.1128
830 999 0.0080
831 999 0.9564
832 999 0.2808
833 999 0.9134
834 999 0.7544
835 999 0.0402
836 999 0.7294
837 999 0.7975
838 999 0.1253
839 999 0.1606
840 999 0.5529
841 999 0.8671
842 999 0.8362
843 999 0.9974
844 999 0.9500
845 999 0.3516
846 999 0.4087
847 999 0.8434
848 999 0.8271
849 999 0.4097
850 999 0.5811
851 999 0.2675
852 999 0.4005
853 999 0.3764
854 999 0.3497
855 999 0.7530
856 999 0.1480
857 999 0.2170
858 999 0.0661
859 999 0.0807
860 999 0.9045
861 999 0.5476
862 999 0.0243
863 999 0.7388
864 999 0.2164
865 999 0.7577
866 999 0.5434
867 999 0.3304
868 999 0.6375
869 999 0.2402
870 999 0.8759
871 999 0.0054
872 999 0.0943
873 999 0.3354
874 999 0.7808
875 999 0.4341
876 999 0.2435
877 999 0.3521
878 999 0.8947
879 999 0.3749
880 999 0.6707
881 999 0.8671
882 999 0.0390
883 999 0.1113
884 999 0.7882
885 999 0.7952
886 999 0.5289
887 999 0.6778
888 999 0.8726
889 999 0.6277
890 999 0.2875
891 999 0.4523
892 999 0.2169
893 999 0.4180
894 999 0.4344
895 999 0.4569
896 999 0.1318
897 999 0.0063
898 999 0.6276
899 999 0.2449
900 999 0.2147
901 999 0.5121
902 999 0.3625
903 999 0.4906
904 999 0.3470
905 999 0.7348
906 999 0.7567
907 999 0.4960
908 999 0.1109
909 999 0.9246
910 999 0.6193
911 999 0.9854
912 999 0.9945
913 999 0.4440
914 999 0.0813
915 999 0.1747
916 999 0.6144
917 999 0.9424
918 999 0.0251
919 999 0.3173
920 999 0.5722
921 999 0.1163
922 999 0.1902
923 999 0.8241
924 999 0.0449
925 999 0.9882
926 999 0.7007
927 999 0.0833
928 999 0.3931
929 999 0.2256
930 999 0.4126
931 999 0.6653
932 999 0.6949
933 999 0.4290
934 999 0.7280
935 999 0.4780
936 999 0.0938
937 999 0.0414
938 999 0.7355
939 999 0.6590
940 999 0.6625
941 999 0.4525
942 999 0.3506
943 999 0.0664
944 999 0.0190
945 999 0.9045
946 999 0.7106
947 999 0.5468
948 999 0.8094
949 999 0.1862
950 999 0.4527
951 999 0.3875
952 999 0.1167
953 999 0.7144
954 999 0.4764
955 999 0.0998
956 999 0.5005
957 999 0.8178
958 999 0.9346
959 999 0.7097
960 999 0.3076
961 999 0.8906
962 999 0.0125
963 999 0.7477
964 999 0.2942
965 999 0.0531
966 999 0.3298
967 999 0.1204
968 999 0.8223
969 999 0.5970
970 999 0.2816
971 999 0.6353
972 999 0.6386
973 999 0.1888
974 999 0.4417
975 999 0.4845
976 999 0.3050
977 999 0.3370
978 999 0.4179
979 999 0.3340
980 999 0.8170
981 999 0.5303
982 999 0.7160
983 999 0.3249
984 999 0.6791
985 999 0.0456
986 999 0.3902
987 999 0.0912
988 999 0.6632
989 999 0.0487
990 999 0.9725
991 999 0.7963
992 999 0.9898
993 999 0.0108
994 999 0.8136
995 999 0.7454
996 999 0.9692
997 999 0.1634
998 999 0.9386
999 999 0.7133
1000 999 0.6928
1 1000 0.1640
2 1000 0.0929
3 1000 0.3500
4 1000 0.0230
5 1000 0.2906
6 1000 0.9926
7 1000 0.7413
8 1000 0.4122
9 1000 0.4731
10 1000 0.6977
11 1000 0.2104
12 1000 0.2747
13 1000 0.5887
14 1000 0.2968
15 1000 0.1191
16 1000 0.6254
17 1000 0.4527
18 1000 0.3195
19 1000 0.6434
20 1000 0.5005
21 1000 0.5284
22 1000 0.4618
23 1000 0.0652
24 1000 0.9158
25 1000 0.6904
26 1000 0.0614
27 1000 0.2870
28 1000 0.6760
29 1000 0.2463
30 1000 0.2057
31 1000 0.8153
32 1000 0.0852
33 1000 0.6642
34 1000 0.3628
35 1000 0.0005
36 1000 0.9375
37 1000 0.3272
38 1000 0.1879
39 1000 0.9121
40 1000 0.7956
41 1000 0.9053
42 1000 0.4053
43 1000 0.6937
44 1000 0.5976
45 1000 0.3902
46 1000 0.7845
47 1000 0.8034
48 1000 0.0594
49 1000 0.1130
50 1000 0.7938
51 1000 0.2500
52 1000 0.9102
53 1000 0.3954
54 1000 0.2131
55 1000 0.7299
56 1000 0.3496
57 1000 0.3658
58 1000 0.1263
59 1000 0.2001
60 1000 0.1898
61 1000 0.3371
62 1000 0.1659
63 1000 0.9523
64 1000 0.0267
65 1000 0.9549
66 1000 0.8187
67 1000 0.4688
68 1000 0.3170
69 1000 0.5189
70 1000 0.2815
71 1000 0.3986
72 1000 0.0208
73 1000 0.5823
74 1000 0.9349
75 1000 0.8567
76 1000 0.2123
77 1000 0.3218
78 1000 0.4014
79 1000 0.2570
80 1000 0.5404
81 1000 0.6288
82 1000 0.1841
83 1000 0.2899
84 1000 0.9991
85 1000 0.9067
86 1000 0.8372
87 1000 0.7089
88 1000 0.6621
89 1000 0.3131
90 1000 0.5172
91 1000 0.4192
92 1000 0.9031
93 1000 0.3118
94 1000 0.3893
95 1000 0.3330
96 1000 0.4804
97 1000 0.8307
98 1000 0.1904
99 1000 0.7228
100 1000 0.0543
101 1000 0.0852
102 1000 0.2851
103 1000 0.7675
104 1000 0.6979
105 1000 0.2518
106 1000 0.2721
107 1000 0.1916
108 1000 0.6067
109 1000 0.9916
110 1000 0.7795
111 1000 0.2851
112 1000 0.2782
113 1000 0.8941
114 1000 0.2201
115 1000 0.8354
116 1000 0.7227
117 1000 0.6524
118 1000 0.7464
119 1000 0.6298
120 1000 0.3254
121 1000 0.6903
122 1000 0.0191
123 1000 0.4583
124 1000 0.3585
125 1000 0.0736
126 1000 0.4973
127 1000 0.6497
128 1000 0.0995
129 1000 0.7115
130 1000 0.9048
131 1000 0.1779
132 1000 0.3193
133 1000 0.9399
134 1000 0.5809
135 1000 0.9846
136 1000 0.6567
137 1000 0.6235
138 1000 0.0384
139 1000 0.8850
140 1000 0.0557
141 1000 0.9612
142 1000 0.2756
143 1000 0.2867
144 1000 0.3267
145 1000 0.7369
146 1000 0.6830
147 1000 0.1729
148 1000 0.2682
149 1000 0.8078
150 1000 0.3281
151 1000 0.2209
152 1000 0.5984
153 1000 0.6113
154 1000 0.9977
155 1000 0.0158
156 1000 0.5115
157 1000 0.9870
158 1000 0.7490
159 1000 0.3041
160 1000 0.4533
161 1000 0.0808
162 1000 0.4804
163 1000 0.1619
164 1000 0.4420
165 1000 0.1142
166 1000 0.2781
167 1000 0.4495
168 1000 0.8969
169 1000 0.2525
170 1000 0.0536
171 1000 0.3866
172 1000 0.5046
173 1000 0.5946
174 1000 0.5975
175 1000 0.1370
176 1000 0.6316
177 1000 0.1610
178 1000 0.4965
179 1000 0.2132
180 1000 0.7087
181 1000 0.8454
182 1000 0.5521
183 1000 0.3897
184 1000 0.9044
185 1000 0.6565
186 1000 0.2613
187 1000 0.7098
188 1000 0.4421
189 1000 0.7392
190 1000 0.9472
191 1000 0.0303
192 1000 0.6313
193 1000 0.6348
194 1000 0.1316
195 1000 0.9113
196 1000 0.0532
197 1000 0.9569
198 1000 0.7720
199 1000 0.5915
200 1000 0.7852
201 1000 0.2764
202 1000 0.0860
203 1000 0.7348
204 1000 0.3668
205 1000 0.0046
206 1000 0.4735
207 1000 0.8997
208 1000 0.9251
209 1000 0.4983
210 1000 0.0726
211 1000 0.9181
212 1000 0.8995
213 1000 0.6936
214 1000 0.1338
215 1000 0.7244
216 1000 0.8503
217 1000 0.9832
218 1000 0.5234
219 1000 0.1830
220 1000 0.4732
221 1000 0.9569
222 1000 0.2136
223 1000 0.4062
224 1000 0.2769
225 1000 0.8964
226 1000 0.0679
227 1000 0.4549
228 1000 0.0764
229 1000 0.5249
230 1000 0.6695
231 1000 0.4713
232 1000 0.2231
233 1000 0.0487
234 1000 0.4375
235 1000 0.8050
236 1000 0.7607
237 1000 0.2147
238 1000 0.4417
239 1000 0.2555
240 1000 0.7500
241 1000 0.3322
242 1000 0.2115
243 1000 0.9229
244 1000 0.5069
245 1000 0.5928
246 1000 0.3582
247 1000 0.2378
248 1000 0.2934
249 1000 0.5692
250 1000 0.4137
251 1000 0.7613
252 1000 0.7027
253 1000 0.0370
254 1000 0.5912
255 1000 0.7898
256 1000 0.4045
257 1000 0.3067
258 1000 0.7951
259 1000 0.8112
260 1000 0.2251
261 1000 0.7260
262 1000 0.2639
263 1000 0.7517
264 1000 0.8547
265 1000 0.4946
266 1000 0.1792
267 1000 0.1275
268 1000 0.6383
269 1000 0.4659
270 1000 0.2243
271 1000 0.2999
272 1000 0.0712
273 1000 0.3299
274 1000 0.4882
275 1000 0.6890
276 1000 0.5055
277 1000 0.2967
278 1000 0.5719
279 1000 0.5752
280 1000 0.2357
281 1000 0.1901
282 1000 0.6190
283 1000 0.3003
284 1000 0.4269
285 1000 0.2073
286 1000 0.7986
287 1000 0.5421
288 1000 0.1546
289 1000 0.9732
290 1000 0.9467
291 1000 0.6907
292 1000 0.2202
293 1000 0.2910
294 1000 0.3265
295 1000 0.5993
296 1000 0.6968
297 1000 0.2355
298 1000 0.2348
299 1000 0.4950
300 1000 0.6404
301 1000 0.5213
302 1000 0.2251
303 1000 0.2460
304 1000 0.7675
305 1000 0.1373
306 1000 0.4290
307 1000 0.3111
308 1000 0.3697
309 1000 0.3510
310 1000 0.3955
311 1000 0.0723
312 1000 0.8658
313 1000 0.5740
314 1000 0.7509
315 1000 0.0214
316 1000 0.9616
317 1000 0.8647
318 1000 0.9666
319 1000 0.9249
320 1000 0.4850
321 1000 0.9839
322 1000 0.2928
323 1000 0.9398
324 1000 0.7535
325 1000 0.0366
326 1000 0.3409
327 1000 0.6330
328 1000 0.3981
329 1000 0.4274
330 1000 0.5900
331 1000 0.4186
332 1000 0.5979
333 1000 0.5836
334 1000 0.2070
335 1000 0.6428
336 1000 0.6943
337 1000 0.9460
338 1000 0.8232
339 1000 0.9125
340 1000 0.8315
341 1000 0.8725
342 1000 0.3368
343 1000 0.7913
344 1000 0.6873
345 1000 0.0548
346 1000 0.2851
347 1000 0.3652
348 1000 0.6072
349 1000 0.1358
350 1000 0.1580
351 1000 0.7768
352 1000 0.2536
353 1000 0.9314
354 1000 0.4906
355 1000 0.9122
356 1000 0.4901
357 1000 0.2552
358 1000 0.4925
359 1000 0.7062
360 1000 0.5932
361 1000 0.0651
362 1000 0.8185
363 1000 0.4771
364 1000 0.7320
365 1000 0.2750
366 1000 0.0154
367 1000 0.7311
368 1000 0.3384
369 1000 0.3614
370 1000 0.1188
371 1000 0.2081
372 1000 0.7276
373 1000 0.8222
374 1000 0.2770
375 1000 0.8215
376 1000 0.2689
377 1000 0.1282
378 1000 0.8507
379 1000 0.9889
380 1000 0.4676
381 1000 0.3472
382 1000 0.9752
383 1000 0.4819
384 1000 0.7398
385 1000 0.6535
386 1000 0.9663
387 1000 0.3883
388 1000 0.3555
389 1000 0.0469
390 1000 0.4557
391 1000 0.7018
392 1000 0.2682
393 1000 0.8835
394 1000 0.1226
395 1000 0.7647
396 1000 0.1677
397 1000 0.8317
398 1000 0.4750
399 1000 0.5329
400 1000 0.9271
401 1000 0.3401
402 1000 0.1969
403 1000 0.6561
404 1000 0.8107
405 1000 0.0738
406 1000 0.7434
407 1000 0.4079
408 1000 0.9161
409 1000 0.9398
410 1000 0.8087
411 1000 0.1501
412 1000 0.2325
413 1000 0.1226
414 1000 0.2066
415 1000 0.9961
416 1000 0.2919
417 1000 0.8413
418 1000 0.1063
419 1000 0.4616
420 1000 0.1070
421 1000 0.0295
422 1000 0.1529
423 1000 0.1277
424 1000 0.6652
425 1000 0.1287
426 1000 0.5167
427 1000 0.1797
428 1000 0.5554
429 1000 0.9574
430 1000 0.0331
431 1000 0.4470
432 1000 0.1253
433 1000 0.8657
434 1000 0.8100
435 1000 0.1613
436 1000 0.5372
437 1000 0.0377
438 1000 0.6719
439 1000 0.9332
440 1000 0.8617
441 1000 0.2691
442 1000 0.5350
443 1000 0.0531
444 1000 0.8341
445 1000 0.9149
446 1000 0.2647
447 1000 0.5050
448 1000 0.1529
449 1000 0.3352
450 1000 0.8769
451 1000 0.3366
452 1000 0.5461
453 1000 0.0986
454 1000 0.5871
455 1000 0.4332
456 1000 0.3619
457 1000 0.1246
458 1000 0.2432
459 1000 0.7380
460 1000 0.5231
461 1000 0.0621
462 1000 0.4593
463 1000 0.8512
464 1000 0.6474
465 1000 0.1553
466 1000 0.2218
467 1000 0.9694
468 1000 0.6874
469 1000 0.5155
470 1000 0.5839
471 1000 0.2522
472 1000 0.3634
473 1000 0.4843
474 1000 0.3823
475 1000 0.5261
476 1000 0.3440
477 1000 0.8915
478 1000 0.5614
479 1000 0.9056
480 1000 0.8103
481 1000 0.1562
482 1000 0.5325
483 1000 0.8270
484 1000 0.4118
485 1000 0.0844
486 1000 0.0168
487 1000 0.2863
488 1000 0.6272
489 1000 0.9295
490 1000 0.6610
491 1000 0.0653
492 1000 0.4688
493 1000 0.9046
494 1000 0.4533
495 1000 0.4077
496 1000 0.2081
497 1000 0.2781
498 1000 0.3491
499 1000 0.1983
500 1000 0.8881
501 1000 0.1283
502 1000 0.2608
503 1000 0.8865
504 1000 0.8281
505 1000 0.3597
506 1000 0.7447
507 1000 0.9696
508 1000 0.4124
509 1000 0.6196
510 1000 0.3928
511 1000 0.5938
512 1000 0.5821
513 1000 0.2326
514 1000 0.7220
515 1000 0.1620
516 1000 0.5178
517 1000 0.8936
518 1000 0.6490
519 1000 0.5120
520 1000 0.7124
521 1000 0.0704
522 1000 0.1851
523 1000 0.8367
524 1000 0.1671
525 1000 0.1315
526 1000 0.6283
527 1000 0.2793
528 1000 0.0191
529 1000 0.6860
530 1000 0.1528
531 1000 0.7558
532 1000 0.9404
533 1000 0.6142
534 1000 0.5885
535 1000 0.0957
536 1000 0.2802
537 1000 0.3932
538 1000 0.6376
539 1000 0.2129
540 1000 0.4081
541 1000 0.2030
542 1000 0.0086
543 1000 0.1214
544 1000 0.5317
545 1000 0.5134
546 1000 0.8934
547 1000 0.1453
548 1000 0.2623
549 1000 0.7616
550 1000 0.5911
551 1000 0.6884
552 1000 0.0350
553 1000 0.8231
554 1000 0.7631
555 1000 0.9074
556 1000 0.1565
557 1000 0.5087
558 1000 0.6004
559 1000 0.9520
560 1000 0.9154
561 1000 0.9269
562 1000 0.8357
563 1000 0.1235
564 1000 0.5186
565 1000 0.5373
566 1000 0.9794
567 1000 0.3444
568 1000 0.1370
569 1000 0.4882
570 1000 0.0404
571 1000 0.4139
572 1000 0.1382
573 1000 0.2547
574 1000 0.1360
575 1000 0.4012
576 1000 0.9013
577 1000 0.2945
578 1000 0.8264
579 1000 0.0390
580 1000 0.4423
581 1000 0.2360
582 1000 0.2977
583 1000 0.7305
584 1000 0.0561
585 1000 0.5094
586 1000 0.7102
587 1000 0.3304
588 1000 0.5056
589 1000 0.5545
590 1000 0.1377
591 1000 0.1084
592 1000 0.9711
593 1000 0.7344
594 1000 0.1494
595 1000 0.3020
596 1000 0.2493
597 1000 0.1367
598 1000 0.3536
599 1000 0.9905
600 1000 0.5146
601 1000 0.3464
602 1000 0.0133
603 1000 0.5215
604 1000 0.1870
605 1000 0.6973
606 1000 0.3023
607 1000 0.3145
608 1000 0.9799
609 1000 0.3125
610 1000 0.1216
611 1000 0.0069
612 1000 0.0531
613 1000 0.7851
614 1000 0.8210
615 1000 0.4872
616 1000 0.5198
617 1000 0.2323
618 1000 0.5735
619 1000 0.7246
620 1000 0.0823
621 1000 0.0925
622 1000 0.0170
623 1000 0.5463
624 1000 0.2625
625 1000 0.6038
626 1000 0.6458
627 1000 0.8686
628 1000 0.9105
629 1000 0.4117
630 1000 0.1186
631 1000 0.9204
632 1000 0.2616
633 1000 0.0020
634 1000 0.9779
635 1000 0.2980
636 1000 0.9112
637 1000 0.2927
638 1000 0.3888
639 1000 0.8612
640 1000 0.7799
641 1000 0.7642
642 1000 0.5231
643 1000 0.5984
644 1000 0.1097
645 1000 0.6547
646 1000 0.1535
647 1000 0.5172
648 1000 0.0672
649 1000 0.5029
650 1000 0.5997
651 1000 0.8666
652 1000 0.7801
653 1000 0.4678
654 1000 0.1617
655 1000 0.2994
656 1000 0.7190
657 1000 0.3985
658 1000 0.8795
659 1000 0.5636
660 1000 0.1690
661 1000 0.7837
662 1000 0.9649
663 1000 0.8393
664 1000 0.2556
665 1000 0.3225
666 1000 0.0095
667 1000 0.6900
668 1000 0.7878
669 1000 0.2789
670 1000 0.3485
671 1000 0.9735
672 1000 0.6902
673 1000 0.6989
674 1000 0.3075
675 1000 0.6032
676 1000 0.0416
677 1000 0.3770
678 1000 0.0868
679 1000 0.6423
680 1000 0.9558
681 1000 0.4372
682 1000 0.3088
683 1000 0.8892
684 1000 0.1932
685 1000 0.5361
686 1000 0.7406
687 1000 0.6200
688 1000 0.6299
689 1000 0.4772
690 1000 0.0946
691 1000 0.1228
692 1000 0.7237
693 1000 0.3459
694 1000 0.1204
695 1000 0.5531
696 1000 0.7079
697 1000 0.4740
698 1000 0.9228
699 1000 0.6344
700 1000 0.2436
701 1000 0.7827
702 1000 0.6783
703 1000 0.9568
704 1000 0.6660
705 1000 0.6114
706 1000 0.2868
707 1000 0.0472
708 1000 0.0305
709 1000 0.4091
710 1000 0.5364
711 1000 0.9817
712 1000 0.9531
713 1000 0.7835
714 1000 0.4619
715 1000 0.8058
716 1000 0.3860
717 1000 0.8387
718 1000 0.0194
719 1000 0.2068
720 1000 0.0076
721 1000 0.9677
722 1000 0.0327
723 1000 0.8470
724 1000 0.1719
725 1000 0.9223
726 1000 0.3917
727 1000 0.0910
728 1000 0.0726
729 1000 0.5778
730 1000 0.9320
731 1000 0.7202
732 1000 0.6758
733 1000 0.7788
734 1000 0.6481
735 1000 0.0510
736 1000 0.0611
737 1000 0.4180
738 1000 0.9472
739 1000 0.9893
740 1000 0.5211
741 1000 0.4825
742 1000 0.2316
743 1000 0.0391
744 1000 0.3379
745 1000 0.7170
746 1000 0.2441
747 1000 0.1024
748 1000 0.7701
749 1000 0.5884
750 1000 0.8660
751 1000 0.4137
752 1000 0.5558
753 1000 0.4101
754 1000 0.2314
755 1000 0.8980
756 1000 0.8817
757 1000 0.4229
758 1000 0.8283
759 1000 0.7683
760 1000 0.4262
761 1000 0.5168
762 1000 0.9802
763 1000 0.0702
764 1000 0.9264
765 1000 0.5897
766 1000 0.3373
767 1000 0.1723
768 1000 0.9629
769 1000 0.2525
770 1000 0.3187
771 1000 0.8671
772 1000 0.2465
773 1000 0.4849
774 1000 0.3520
775 1000 0.4134
776 1000 0.4249
777 1000 0.1804
778 1000 0.0131
779 1000 0.1819
780 1000 0.3385
781 1000 0.1446
782 1000 0.7523
783 1000 0.0248
784 1000 0.8130
785 1000 0.7359
786 1000 0.1451
787 1000 0.4844
788 1000 0.9914
789 1000 0.3227
790 1000 0.0126
791 1000 0.3110
792 1000 0.9913
793 1000 0.1097
794 1000 0.4843
795 1000 0.9089
796 1000 0.4169
797 1000 0.3030
798 1000 0.1105
799 1000 0.0283
800 1000 0.5646
801 1000 0.5035
802 1000 0.0942
803 1000 0.9980
804 1000 0.1143
805 1000 0.9378
806 1000 0.4055
807 1000 0.8218
808 1000 0.1555
809 1000 0.7594
810 1000 0.4153
811 1000 0.5392
812 1000 0.6749
813 1000 0.6156
814 1000 0.9427
815 1000 0.3149
816 1000 0.1879
817 1000 0.8099
818 1000 0.4436
819 1000 0.4679
820 1000 0.1820
821 1000 0.8921
822 1000 0.7450
823 1000 0.6127
824 1000 0.5002
825 1000 0.8547
826 1000 0.7432
827 1000 0.3314
828 1000 0.1017
829 1000 0.4723
830 1000 0.8676
831 1000 0.8910
832 1000 0.1643
833 1000 0.1483
834 1000 0.2718
835 1000 0.4933
836 1000 0.0450
837 1000 0.8615
838 1000 0.8954
839 1000 0.2184
840 1000 0.5312
841 1000 0.6506
842 1000 0.0986
843 1000 0.9105
844 1000 0.5717
845 1000 0.6663
846 1000 0.0871
847 1000 0.3014
848 1000 0.0277
849 1000 0.9893
850 1000 0.5825
851 1000 0.3154
852 1000 0.9024
853 1000 0.0753
854 1000 0.9934
855 1000 0.2669
856 1000 0.3015
857 1000 0.3212
858 1000 0.0246
859 1000 0.2562
860 1000 0.0324
861 1000 0.0731
862 1000 0.6612
863 1000 0.1908
864 1000 0.5301
865 1000 0.4371
866 1000 0.3664
867 1000 0.1329
868 1000 0.6719
869 1000 0.5984
870 1000 0.6527
871 1000 0.9998
872 1000 0.6236
873 1000 0.1799
874 1000 0.9857
875 1000 0.6418
876 1000 0.3801
877 1000 0.0130
878 1000 0.3501
879 1000 0.0779
880 1000 0.6429
881 1000 0.4899
882 1000 0.2418
883 1000 0.3068
884 1000 0.9275
885 1000 0.5472
886 1000 0.3608
887 1000 0.4254
888 1000 0.3413
889 1000 0.4466
890 1000 0.9910
891 1000 0.7277
892 1000 0.8276
893 1000 0.0243
894 1000 0.1077
895 1000 0.2955
896 1000 0.6256
897 1000 0.5804
898 1000 0.3352
899 1000 0.1175
900 1000 0.4834
901 1000 0.4780
902 1000 0.6958
903 1000 0.6423
904 1000 0.5199
905 1000 0.5648
906 1000 0.0805
907 1000 0.3875
908 1000 0.2191
909 1000 0.5428
910 1000 0.8893
911 1000 0.4160
912 1000 0.0095
913 1000 0.0804
914 1000 0.4713
915 1000 0.9653
916 1000 0.6062
917 1000 0.8435
918 1000 0.6941
919 1000 0.8243
920 1000 0.8269
921 1000 0.6002
922 1000 0.8629
923 1000 0.5768
924 1000 0.8347
925 1000 0.0076
926 1000 0.6967
927 1000 0.0860
928 1000 0.2844
929 1000 0.4527
930 1000 0.6377
931 1000 0.5192
932 1000 0.9685
933 1000 0.4759
934 1000 0.6243
935 1000 0.4198
936 1000 0.4547
937 1000 0.6485
938 1000 0.9580
939 1000 0.2619
940 1000 0.3228
941 1000 0.7113
942 1000 0.5486
943 1000 0.2059
944 1000 0.4891
945 1000 0.1114
946 1000 0.1609
947 1000 0.7418
948 1000 0.1573
949 1000 0.7024
950 1000 0.3924
951 1000 0.0044
952 1000 0.0559
953 1000 0.5437
954 1000 0.8635
955 1000 0.6833
956 1000 0.7028
957 1000 0.1188
958 1000 0.4560
959 1000 0.3030
960 1000 0.9345
961 1000 0.5661
962 1000 0.0845
963 1000 0.2443
964 1000 0.5296
965 1000 0.3992
966 1000 0.3963
967 1000 0.1996
968 1000 0.0559
969 1000 0.8987
970 1000 0.7672
971 1000 0.8683
972 1000 0.0426
973 1000 0.9128
974 1000 0.9857
975 1000 0.4917
976 1000 0.6658
977 1000 0.5596
978 1000 0.7918
979 1000 0.5134
980 1000 0.0290
981 1000 0.1648
982 1000 0.9427
983 1000 0.8295
984 1000 0.3328
985 1000 0.7154
986 1000 0.3667
987 1000 0.1956
988 1000 0.1509
989 1000 0.1908
990 1000 0.9053
991 1000 0.2533
992 1000 0.2137
993 1000 0.7975
994 1000 0.1556
995 1000 0.2543
996 1000 0.9077
997 1000 0.6109
998 1000 0.7526
999 1000 0.8568
1000 1000 0.7455